Size 1030x750
Angle 342


Line 245,183, 244,97, 296,97
Spline 296,97, 371,60, 448,96
Line 448,96, 501,96, 500,184
Line 294,124, 275,124, 275,200
Line 450,124, 470,124, 470,201
Line 501,126, 512,126, 512,160, 501,160
Line 255,200, 245,200, 245,195
Line 488,201, 500,201, 500,195
Dashed 395,167, 395,424
Dashed 341,167, 341,424
Dashed 408,146, 422,173
Dashed 359,163, 398,99

PenColor FF0000
BrushColor -1
AngleTextOut 7, Arial, 40, 591, 255, Арсенальная, 1
AngleTextOut 7, Arial, 20, 782, 384, <<Крещатик
AngleTextOut 7, Arial, 20, 973, 517, Днепр>>
PenColor 00AFAF
AngleTextOut 85, Arial, 20, 350, 740, Московская ул.
AngleTextOut 336, Arial, 20, 589, 548, ул. Январского восстания
AngleTextOut 1, Arial, 20, 229, 311, Арсенальная            пл.
AngleTextOut 15, Arial, 20, 60, 570, ул. Михаила Грушевского
PenColor 000000
AngleTextOut 270, Arial, 8, 512, 128, Касса (3), 1

PenColor 7F7F7F
Line 413,137, 403,139, 2
Line 412,131, 402,133, 2
Line 411,124, 401,126, 2
Line 410,117, 400,119, 2
Line 409,110, 399,112, 2
Line 408,103, 398,105, 2

BrushColor 7F7F7F
Polygon 341,167, 345,167, 345,424, 341,424
Polygon 395,167, 395,424, 391,424, 391,167
Polygon 355,166, 356,424, 364,424, 363,166
Polygon 373,166, 382,166, 381,424, 374,424

Stairs 345,167, 395,167, 345,424

PenColor 009900
Arrow 479,231, 479,203
Arrow 513,189, 502,189
Arrow 383,487, 393,495

PenColor FF0000
Arrow 265,203, 265,230
Arrow 246,189, 232,189
Arrow 395,536, 354,535, 355,485

PenColor 000000
Spline 294,124, 318,173, 371,195, 423,176, 450,124
Line 341,424, 345,461, 345,481
Line 395,424, 391,461, 391,481
Polygon 365,460, 372,460, 372,481, 365,481
Dashed 398,494, 717,455
Dashed 723,501, 404,540

PenColor 7F7F7F
Polygon 398,494, 717,455, 717,458, 398,497
Polygon 400,506, 717,468, 718,473, 401,512
Polygon 402,522, 721,484, 721,490, 403,528
Polygon 404,537, 723,498, 723,501, 404,540
Stairs 400,494, 407,539, 714,456

PenColor 000000
Spline 345,481, 320,516, 336,552, 366,565, 397,553, 415,517, 391,481
Line 717,455, 741,452, 742,457, 748,456, 747,451, 774,448, 772,434, 766,435, 764,421, 1033,389, 1034,401, 930,414, 939,489, 1044,476, 1046,490, 776,523, 775,510, 782,509, 780,494, 754,497, 753,492, 747,493, 747,498, 723,501
Line 927,491, 918,416, 846,425, 848,438, 855,438, 860,483, 854,484, 856,500, 927,491
Polygon 795,507, 810,505, 808,490, 793,492
Polygon 825,503, 823,489, 838,487, 840,502
Polygon 831,426, 832,440, 818,442, 816,428
Polygon 802,430, 804,444, 788,446, 787,432

BrushColor FF0000
Polygon 764,421, 1033,389, 1031,375, 762,409
Polygon 1046,490, 776,523, 778,536, 1048,503

