Size 940x870
Angle 35

Stairs 349,0, 349,18, 373,0
Stairs 383,0, 383,18, 406,0
Stairs 490,0, 490,18, 463,0
Stairs 456,0, 456,18, 430,0
Stairs 350,177, 350,195, 378,177
Stairs 382,177, 382,195, 405,177
Stairs 484,177, 484,195, 460,177
Stairs 452,177, 452,195, 428,177

Line 559,172, 603,172, 603,183, 559,183, 559,172
Line 564,183, 564,174, 593,174, 593,183

PenColor FF0000
Arrow 614,182, 614,168

PenColor 009900
Arrow 546,170, 546,183

PenColor 000000
Dashed 597,184, 595,211
Dashed 558,250, 558,225
Dashed 558,253, 558,510
Dashed 608,253, 608,509

PenColor 7F7F7F
Line 558,219, 561,224, 2
Line 565,222, 562,217, 2
Line 569,220, 566,215, 2
Line 573,219, 570,214, 2
Line 577,218, 574,213, 2
Line 581,217, 578,212, 2
Line 585,216, 582,211, 2
Line 589,215, 586,210, 2
Line 593,214, 590,209, 2

Line 597,214, 598,209, 2
Line 601,215, 602,210, 2
Line 605,216, 606,211, 2
Line 609,217, 610,212, 2
Line 613,218, 614,213, 2
Line 617,219, 618,214, 2
Line 621,221, 622,215, 2

BrushColor 7F7F7F
Polygon 558,253, 561,253, 561,510, 558,510
Polygon 608,253, 605,253, 605,509, 608,509
Polygon 572,253, 578,253, 578,509, 572,509
Polygon 588,253, 593,253, 593,509, 588,509

Stairs 558,257, 608,257, 558,510

PenColor 000000
Line 349,0, 490,0, 490,18, 428,18, 428,93, 540,93, 627,167, 627,257, 608,257, 608,275, 558,275, 558,257, 534,257, 534,171, 526,164, 428,164, 428,177, 484,177, 484,195, 350,195, 350,177, 406,177, 406,18, 349,18, 349,0

Line 558,510, 558,533, 563,533, 563,536, 558,536, 558,546, 542,546, 542,534, 524,534, 524,941, 542,941, 542,862, 558,862, 558,869, 608,869, 608,862, 624,862, 624,941, 643,941, 643,534, 624,534, 624,546, 608,546, 608,536, 603,536, 603,533, 608,533, 608,509

Polygon 542,558, 558,558, 558,565, 542,565
Polygon 542,577, 558,577, 558,584, 542,584
Polygon 542,596, 558,596, 558,603, 542,603
Polygon 542,615, 558,615, 558,622, 542,622
Polygon 542,634, 558,634, 558,641, 542,641
Polygon 542,653, 558,653, 558,660, 542,660
Polygon 542,672, 558,672, 558,679, 542,679
Polygon 542,691, 558,691, 558,698, 542,698
Polygon 542,710, 558,710, 558,717, 542,717
Polygon 542,729, 558,729, 558,736, 542,736
Polygon 542,748, 558,748, 558,755, 542,755
Polygon 542,767, 558,767, 558,774, 542,774
Polygon 542,786, 558,786, 558,793, 542,793
Polygon 542,805, 558,805, 558,812, 542,812
Polygon 542,824, 558,824, 558,831, 542,831
Polygon 542,843, 558,843, 558,850, 542,850

Polygon 608,558, 624,558, 624,565, 608,565
Polygon 608,577, 624,577, 624,584, 608,584
Polygon 608,596, 624,596, 624,603, 608,603
Polygon 608,615, 624,615, 624,622, 608,622
Polygon 608,634, 624,634, 624,641, 608,641
Polygon 608,653, 624,653, 624,660, 608,660
Polygon 608,672, 624,672, 624,679, 608,679
Polygon 608,691, 624,691, 624,698, 608,698
Polygon 608,710, 624,710, 624,717, 608,717
Polygon 608,729, 624,729, 624,736, 608,736
Polygon 608,748, 624,748, 624,755, 608,755
Polygon 608,767, 624,767, 624,774, 608,774
Polygon 608,786, 624,786, 624,793, 608,793
Polygon 608,805, 624,805, 624,812, 608,812
Polygon 608,824, 624,824, 624,831, 608,831
Polygon 608,843, 624,843, 624,850, 608,850

BrushColor 009900
Polygon 524,534, 508,534, 508,941, 524,941
Polygon 643,534, 660,534, 660,941, 643,941

PenColor 099000
BrushColor -1
AngleTextOut 270, Arial, 30, 599, 589, Дружбы Народов, 1
AngleTextOut 270, Arial, 20, 505, 846, Выдубичи>>
AngleTextOut 270, Arial, 20, 688, 551, <<Печерская
PenColor 000000
AngleTextOut 0, Arial, 8, 565, 174, Касса(2), 1
PenColor 00AFAF
AngleTextOut 0, Arial, 15, 639, 123, бул. Дружбы народов
AngleTextOut 0, Arial, 15, 141, 123, бул. Дружбы народов
AngleTextOut 270, Arial, 15, 314, 174, Неманская ул.
