Size 1000x1000

Spline 266,323, 340,277, 430,259
Spline 554,259, 645,278, 714,323
Spline 745,357, 785,440, 786,552, 746,644
Spline 235,357, 195,442, 196,553, 235,644
Spline 259,675, 338,728, 430,745
Spline 555,744, 645,727, 713,678

Line 714,323, 772,273, 769,264
Line 745,357, 801,308, 810,313
Line 266,323, 213,270, 215,261
Line 235,357, 180,301, 171,301
Line 235,644, 176,693, 167,691
Line 259,675, 201,723, 201,732
Line 746,644, 810,713, 820,713
Line 713,678, 772,747, 770,756

Line 430,745, 430,845, 434,849, 551,849, 555,845, 555,744
Line 430,259, 430,160, 434,154, 550,154, 554,160, 554,259

Line 541,271, 526,271, 526,276, 516,276, 516,210, 469,210, 469,276, 459,276, 459,271, 444,271, 444,732, 459,732, 459,727, 469,727, 469,793, 516,793, 516,727, 526,727, 526,732, 541,732, 541,271

Stairs 469,210, 516,210, 469,241
Stairs 469,249, 516,249, 469,276
Stairs 430,209, 459,209, 430,248
Stairs 526,209, 554,209, 526,246
Stairs 469,728, 516,728, 469,756
Stairs 469,765, 516,765, 469,793
Stairs 430,754, 459,754, 430,794
Stairs 526,754, 555,754, 526,794

Line 460,796, 467,795, 468,801, 461,802, 460,796
Line 437,849, 437,860, 467,860, 467,849
Line 518,203, 524,200, 527,206, 521,209, 518,203
Line 517,154, 517,145, 547,145, 547,154

Dashed 509,169, 505,155
Dashed 472,835, 475,848

BrushColor 7F7F7F
Polygon 459,288, 466,288, 466,295, 459,295
Polygon 459,316, 466,316, 466,323, 459,323
Polygon 459,344, 466,344, 466,351, 459,351
Polygon 459,372, 466,372, 466,379, 459,379
Polygon 459,400, 466,400, 466,407, 459,407
Polygon 459,428, 466,428, 466,435, 459,435
Polygon 459,456, 466,456, 466,463, 459,463
Polygon 459,484, 466,484, 466,491, 459,491
Polygon 459,512, 466,512, 466,519, 459,519
Polygon 459,540, 466,540, 466,547, 459,547
Polygon 459,568, 466,568, 466,575, 459,575
Polygon 459,596, 466,596, 466,603, 459,603
Polygon 459,624, 466,624, 466,631, 459,631
Polygon 459,652, 466,652, 466,659, 459,659
Polygon 459,680, 466,680, 466,687, 459,687
Polygon 459,708, 466,708, 466,715, 459,715

Polygon 519,288, 526,288, 526,295, 519,295
Polygon 519,316, 526,316, 526,323, 519,323
Polygon 519,344, 526,344, 526,351, 519,351
Polygon 519,372, 526,372, 526,379, 519,379
Polygon 519,400, 526,400, 526,407, 519,407
Polygon 519,428, 526,428, 526,435, 519,435
Polygon 519,456, 526,456, 526,463, 519,463
Polygon 519,484, 526,484, 526,491, 519,491
Polygon 519,512, 526,512, 526,519, 519,519
Polygon 519,540, 526,540, 526,547, 519,547
Polygon 519,568, 526,568, 526,575, 519,575
Polygon 519,596, 526,596, 526,603, 519,603
Polygon 519,624, 526,624, 526,631, 519,631
Polygon 519,652, 526,652, 526,659, 519,659
Polygon 519,680, 526,680, 526,687, 519,687
Polygon 519,708, 526,708, 526,715, 519,715

Polygon 516,209, 526,209, 526,257, 516,257
Polygon 469,209, 459,209, 459,257, 469,257
Polygon 516,747, 526,747, 526,794, 516,794
Polygon 469,747, 459,747, 459,794, 469,794

BrushColor 34349C
Polygon 541,271, 558,271, 558,732, 541,732
Polygon 444,271, 427,271, 427,732, 444,732

PenColor 7F7F7F
Line 435,181, 431,185, 2
Line 434,188, 438,184, 2
Line 437,191, 441,187, 2
Line 439,194, 443,190, 2
Line 442,197, 446,192, 2
Line 445,200, 449,195, 2
Line 449,202, 453,197, 2
Line 452,205, 456,200, 2
Line 456,207, 460,202, 2

Line 517,201, 523,198, 2
Line 516,197, 522,194, 2
Line 515,193, 521,190, 2
Line 514,189, 520,186, 2
Line 518,182, 512,185, 2
Line 511,181, 517,178, 2
Line 509,177, 516,174, 2
Line 514,170, 507,173, 2

Line 462,805, 468,804, 2
Line 463,809, 469,808, 2
Line 464,813, 470,812, 2
Line 465,817, 471,816, 2
Line 466,821, 472,820, 2
Line 467,825, 473,824, 2
Line 468,829, 474,828, 2
Line 469,833, 475,832, 2

Line 550,818, 553,813, 2
Line 546,816, 549,811, 2
Line 542,814, 545,809, 2
Line 538,812, 541,807, 2
Line 534,810, 537,805, 2
Line 530,808, 533,803, 2
Line 527,806, 530,801, 2
Line 524,804, 527,799, 2
Line 521,801, 524,796, 2


PenColor 34349C
BrushColor -1
AngleTextOut 270, Arial, 18, 579, 278, <<Тупик
AngleTextOut 90, Aria, 18, 407, 731, <<Минская
AngleTextOut 270, Arial, 28, 511, 410, Героев Днепра, 1
PenColor 00AFAF
AngleTextOut 0, Arial, 17, 945, 469, <<ул. Героев Днепра, 1
AngleTextOut 0, Arial, 17, 949, 518, ул. Героев Днепра>>, 1
AngleTextOut 0, Arial, 17, -101, 518, ул. Героев Днепра>>, 1
AngleTextOut 0, Arial, 17, -108, 469, <<ул. Героев Днепра, 1
AngleTextOut 90, Arial, 17, 402, 96, <<Оболонский просп., 1
AngleTextOut 270, Arial, 17, 596, -63, Оболонский просп.>>, 1
AngleTextOut 90, Arial, 17, 596, 1069, Оболонский просп.>>, 1
AngleTextOut 270, Arial, 17, 395, 903, Оболонский просп.>>, 1

AngleTextOut 0, Arial, 17, 923, 234, 'Рынок "Оболонь"', 1

Spline 425,781, 279,743, 191,654, 150,495, 191,341, 303,251, 426,221, 2
Spline 561,782, 696,748, 795,653, 839,494, 795,345, 692,253, 560,219, 2
Spline 930,476, 861,450, 813,382, 2
Spline 811,620, 866,548, 929,523, 2
Spline 55,525, 127,551, 180,629, 2
Spline 177,369, 123,448, 56,477, 2
Spline 668,242, 605,187, 587,103, 2
Spline 326,241, 389,185, 411,102, 2
Spline 300,753, 363,811, 387,894, 2
Spline 679,757, 622,810, 605,896, 2

Line 830,515, 839,506, 845,517, 2
Line 142,492, 150,501, 157,492, 2

PenColor 000000
AngleTextOut 0, Arial, 7, 438, 851, Кассы (2), 1
AngleTextOut 0, Arial, 7, 518, 146, Кассы (2), 1



BrushColor FF0000
SpotCircle 17, -53, 372, ShowMessage Трамвайная остановка

PenColor FFFFFF
BrushColor -1
AngleTextOut 0, Arial, 24, -64, 360, Тр, 1

PenColor 009900
Arrow 445,739, 445,780, 2
Arrow 540,265, 540,225, 2

PenColor FF0000
Arrow 445,224, 447,264, 2
Arrow 541,781, 541,739, 2
