Size 800x700
Angle 40

Line 351,-90, 351,-84, 301,-84, 301,-90, 289,-90, 289,377, 301,377, 301,367, 306,367, 306,412, 277,412, 277,474, 302,474, 302,487, 270,487, 256,501, 221,501, 221,445, 192,445, 192,527, 256,527, 267,534, 385,534, 397,527, 565,527, 565,446, 538,446, 538,501, 395,501, 383,487, 351,487, 351,474, 376,474, 376,412, 346,412, 346,367, 351,367, 351,377, 363,377, 363,-90, 351,-90
Line 280,506, 372,506
Line 317,487, 335,487

Stairs 306,367, 346,367, 306,385
Stairs 306,392, 346,392, 306,412
Stairs 192,445, 221,445, 192,469
Stairs 192,479, 221,479, 192,501
Stairs 223,527, 223,501, 231,527
Stairs 538,446, 565,446, 538,472
Stairs 538,481, 566,481, 538,501
Stairs 281,506, 281,487, 303,506
Stairs 371,506, 371,487, 351,506

BrushColor 7F7F7F
Polygon 321,447, 333,447, 333,437, 321,437

Polygon 301,360, 306,360, 306,355, 301,355
Polygon 301,337, 306,337, 306,342, 301,342
Polygon 301,319, 306,319, 306,324, 301,324
Polygon 301,301, 306,301, 306,306, 301,306
Polygon 301,283, 301,288, 306,288, 306,283
Polygon 301,265, 306,265, 306,270, 301,270
Polygon 301,247, 306,247, 306,252, 301,252
Polygon 301,229, 306,229, 306,234, 301,234
Polygon 301,211, 306,211, 306,216, 301,216
Polygon 301,193, 306,193, 306,198, 301,198
Polygon 301,175, 306,175, 306,180, 301,180
Polygon 301,157, 306,157, 306,162, 301,162
Polygon 301,139, 306,139, 306,144, 301,144
Polygon 301,121, 306,121, 306,126, 301,126
Polygon 301,103, 306,103, 306,108, 301,108
Polygon 301,85, 306,85, 306,90, 301,90
Polygon 301,67, 306,67, 306,72, 301,72
Polygon 301,49, 306,49, 306,54, 301,54
Polygon 301,31, 306,31, 306,36, 301,36
Polygon 301,13, 306,13, 306,18, 301,18
Polygon 301,-5, 306,-5, 306,0, 301,0
Polygon 301,-23, 306,-23, 306,-18, 301,-18
Polygon 301,-41, 306,-41, 306,-36, 301,-36
Polygon 301,-59, 306,-59, 306,-54, 301,-54
Polygon 301,-77, 306,-77, 306,-72, 301,-72

Polygon 346,355, 351,355, 351,360, 346,360
Polygon 346,337, 351,337, 351,342, 346,342
Polygon 346,319, 351,319, 351,324, 346,324
Polygon 346,301, 351,301, 351,306, 346,306
Polygon 346,283, 351,283, 351,288, 346,288
Polygon 346,265, 351,265, 351,270, 346,270
Polygon 346,247, 351,247, 351,252, 346,252
Polygon 346,229, 351,229, 351,234, 346,234
Polygon 346,211, 351,211, 351,216, 346,216
Polygon 346,193, 351,193, 351,198, 346,198
Polygon 346,175, 351,175, 351,180, 346,180
Polygon 346,157, 351,157, 351,162, 346,162
Polygon 346,139, 351,139, 351,144, 346,144
Polygon 346,121, 351,121, 351,126, 346,126
Polygon 346,103, 351,103, 351,108, 346,108
Polygon 346,85, 351,85, 351,90, 346,90
Polygon 346,67, 351,67, 351,72, 346,72
Polygon 346,49, 351,49, 351,54, 346,54
Polygon 346,31, 351,31, 351,36, 346,36
Polygon 346,13, 351,13, 351,18, 346,18
Polygon 346,-5, 351,-5, 351,0, 346,0
Polygon 346,-23, 351,-23, 351,-18, 346,-18
Polygon 346,-41, 351,-41, 351,-36, 346,-36
Polygon 346,-59, 351,-59, 351,-54, 346,-54
Polygon 346,-77, 351,-77, 351,-72, 346,-72

Line 314,438, 316,434, 320,436, 318,440, 314,438
Dashed 295,423, 297,413
Dashed 359,430, 364,414

BrushColor 34349C
Polygon 363,377, 377,377, 377,-90, 363,-90
Polygon 289,377, 275,377, 275,-90, 289,-90

PenColor 7F7F7F
Line 311,437, 314,432, 2
Line 308,435, 311,430, 2
Line 305,433, 308,428, 2
Line 302,431, 305,426, 2
Line 302,424, 299,429, 2
Line 296,427, 299,422, 2

Line 336,435, 338,441, 2
Line 342,440, 340,434, 2
Line 346,439, 344,433, 2
Line 350,438, 348,432, 2
Line 354,437, 352,431, 2
Line 358,436, 355,430, 2

PenColor 000000
Line 278,474, 278,484, 299,484, 299,474

PenColor 009900
Arrow 266,507, 277,496
Arrow 305,499, 310,499, 310,485

PenColor FF0000
Arrow 376,496, 386,507
Arrow 342,485, 342,499, 349,499

BrushColor -1
PenColor 34349C
AngleTextOut 270, Arial, 15, 277, 202, Площадь независимости>>
AngleTextOut 270, Arial, 15, 394, -81, <<Контрактовая площадь
AngleTextOut 270, Arial, 20, 338, 54, Почтовая площадь, 1
PenColor 00AFAF
AngleTextOut 270, Arial, 15, 341, 548, Владимирский спуск
AngleTextOut 0, Arial, 15, 512, 410, Почтовая пл.
AngleTextOut 0, Arial, 15, 510, 340, Боричев спуск
AngleTextOut 235, Arial, 15, 790, 358, Набережно-Крещатикская ул.
AngleTextOut 235, Arial, 15, 753, 511, Речной вокзал
AngleTextOut 0, Arial, 15, -19, 385, Фуникулер
AngleTextOut 0, Arial, 15, -38, 396, (нижняя станция)
PenColor 000000
AngleTextOut 0, Arial, 5, 279, 476, Касса (1), 1
