Size 1050x1010
Angle 290


Line 641,1072, 665,1072, 665,907, 691,907, 691,930, 763,930, 763,907, 789,907, 789,1072, 814,1072, 814,665, 789,665, 789,697, 764,697, 764,674, 756,674, 756,670, 761,670, 761,637
Line 693,637, 693,670, 698,670, 698,674, 690,674, 690,697, 665,697, 665,665, 641,665, 641,1072

BrushColor 7F7F7F
Polygon 665,887, 691,887, 691,860, 665,860
Polygon 665,841, 691,841, 691,814, 665,814
Polygon 665,795, 691,795, 691,768, 665,768
Polygon 665,747, 691,747, 691,720, 665,720

Polygon 764,720, 789,720, 789,747, 764,747
Polygon 764,768, 789,768, 789,795, 764,795
Polygon 764,814, 789,814, 789,841, 764,841
Polygon 764,860, 789,860, 789,887, 764,887

BrushColor FF0000
Polygon 641,665, 641,1072, 621,1072, 621,665
Polygon 814,665, 814,1072, 836,1072, 836,665

PenColor 000000
Dashed 693,637, 693,340
Dashed 761,637, 761,340

PenColor 7F7F7F
BrushColor 7F7F7F
Polygon 761,637, 761,340, 757,340, 757,637
Polygon 693,637, 693,340, 697,340, 697,637
Polygon 710,637, 718,637, 718,340, 710,340
Polygon 733,637, 742,637, 742,340, 733,340

Stairs 695,342, 759,342, 695,636

PenColor 000000
Spline 665,285, 672,327, 698,352, 728,360, 765,349, 789,317, 789,286, 772,258, 737,242, 701,247
Line 665,285, 638,260, 641,257, 638,254, 629,264, 604,241
Line 701,247, 674,222, 671,226, 668,223, 677,213, 652,190
Polygon 679,270, 663,255, 671,247, 686,262
Dashed 604,241, 479,123
Dashed 652,190, 526,73

PenColor 7F7F7F
Polygon 604,241, 607,238, 481,121, 479,123
Polygon 652,190, 526,73, 524,76, 649,193
Polygon 491,110, 496,105, 622,222, 617,228
Polygon 507,93, 512,88, 638,205, 633,210

Stairs 481,123, 526,76, 605,239

PenColor 000000
Spline 407,50, 413,98, 452,132, 499,126, 539,83, 539,36, 499,-1, 451,3
Line 408,87, 397,91, 407,112, 419,126, 427,117
Dashed 509,87, 482,50
Dashed 490,108, 451,82
Line 448,75, 454,71, 457,76, 451,80, 448,75

PenColor 7F7F7F
Line 480,58, 477,53, 2
Line 475,62, 472,57, 2
Line 470,65, 467,60, 2
Line 465,69, 462,64, 2
Line 461,72, 458,67, 2

PenColor 009900
Arrow 404,26, 424,45
Arrow 673,278, 700,330

PenColor FF0000
Arrow 446,20, 427,2
Arrow 752,328, 746,280, 698,257

BrushColor -1
PenColor 000000
AngleTextOut 120, Arial, 10, 415, 126, кассы (6)

PenColor FF0000
AngleTextOut 90, Arial, 35, 709, 909, Университет, 1
AngleTextOut 90, Arial, 20, 838, 811, Театральная>>
AngleTextOut 90, Arial, 20, 596, 1035, <<Вокзальная

PenColor 00AFAF
AngleTextOut 47, Arial, 15, 307, 30, бул. Тараса Шевченко
AngleTextOut 137, Arial, 15, 260, 21, ул. Пирогова
AngleTextOut 47, Arial, 15, 554, 406, Ботанический сад
