Size 875x840
Angle 37

Line 411,876, 435,876, 435,712, 461,712, 461,732, 533,732, 533,712, 559,712, 559,876, 584,876, 584,470, 559,470, 559,501, 534,501, 534,478, 526,478, 526,474, 531,474, 531,440
Line 463,440, 463,474, 468,474, 468,478, 460,478, 460,501, 435,501, 435,470, 411,470, 411,876

BrushColor 7F7F7F
Polygon 435,689, 461,689, 461,666, 435,666
Polygon 435,643, 461,643, 461,620, 435,620
Polygon 435,597, 461,597, 461,574, 435,574
Polygon 435,549, 461,549, 461,526, 435,526

Polygon 534,526, 559,526, 559,549, 534,549
Polygon 534,574, 559,574, 559,597, 534,597
Polygon 534,620, 559,620, 559,643, 534,643
Polygon 534,666, 559,666, 559,689, 534,689

BrushColor FF0000
Polygon 411,470, 411,876, 391,876, 391,470
Polygon 584,470, 584,876, 606,876, 606,470

Dashed 463,440, 463,128
Dashed 531,440, 531,128

PenColor 7F7F7F
Stairs 464,130, 529,129, 465,437

BrushColor 7F7F7F
Polygon 463,128, 463,440, 468,440, 468,128
Polygon 531,128, 531,440, 526,440, 526,128
Polygon 481,128, 490,128, 490,440, 481,440
Polygon 503,128, 513,128, 513,440, 503,440

PenColor 000000
Spline 404,86, 426,139, 498,175, 567,152, 590,103
Line 404,86, 378,84, 376,159
Line 590,103, 606,100, 623,101, 619,179
Line 647,180, 652,77, 612,74, 588,77
Spline 588,77, 550,50, 498,34, 449,41, 407,61
Line 407,61, 352,57, 348,157
Dashed 510,124, 524,43
Line 651,105, 664,106, 662,151, 648,150
Dashed 600200
Line 568,130, 574,126, 578,131, 572,135, 568,130

PenColor 7F7F7F
Line 571,122, 565,126, 2
Line 566,117, 560,121, 2
Line 560,112, 554,116, 2
Line 554,107, 548,111, 2
Line 549,102, 543,106, 2
Line 544,97, 538,101, 2
Line 539,92, 533,96, 2
Line 535,87, 529,91, 2
Line 531,82, 525,86, 2
Line 527,77, 521,81, 2

PenColor 009900
Arrow 634,192, 634,171

PenColor FF0000
Arrow 361,141, 360,167

PenColor 000000
BrushColor -1
AngleTextOut 270, Arial, 10, 662, 107, Кассы (4), 1

PenColor FF0000
AngleTextOut 270, Arial, 35, 521, 518, Вокзальная, 1
AngleTextOut 270, Arial, 20, 633, 472, <<Политехнический институт
AngleTextOut 270, Arial, 20, 387, 719, Университет>>

PenColor 00AFAF
AngleTextOut 0, Arial, 17, 169, 85, Пригородный вокзал
AngleTextOut 270, Arial, 17, 326, 457, Центральный вокзал>>
AngleTextOut 330, Arial, 17, 659, 550, Вокзальная пл.>>
