size 949x603
Angle -38

BrushColor -1
PenColor 046434
AngleTextOut 0,Arial,20,491,219, << Сокол
AngleTextOut 0,Arial,20,689,351, Динамо >>
AngleTextOut 0,Arial,25,576,281, Аэропорт, 1
PenColor 00AFAF
AngleTextOut 0,Arial,15,27,294, Ленинградский проспект
;AngleTextOut -120,Arial,15,-41,319, улица
PenColor 0

BrushColor 046434
Polygon 480,266, 480,241, 766,241, 766,266, 
Polygon 480,318, 766,318, 766,343, 480,343, 

BrushColor 808080
Polygon 251,403, 270,403, 270,414, 251,414, 
Line 766,318, 766,308, 
Line 766,266, 766,276, 
Line 726,276, 787,276, 
Line 726,308, 787,308, 
Line 766,246, 798,246, 798,238, 791,238, 791,126, 783,126, 783,196, 791,196, 
Line 771,276, 771,246, 
Line 766,338, 885,338, 885,245, 833,245, 833,238, 840,238, 840,126, 848,126, 848,196, 840,196, 
Line 771,308, 771,338, 
Line 741,219, 748,219, 748,86, 883,86, 883,219, 889,219, 
Line 358,219, 365,219, 365,87, 500,87, 500,219, 506,219, 
Line 72,504, 192,504, 192,222, 
Line 72,525, 250,525, 250,500, 237,500, 237,495, 360,495, 
Line 360,475, 237,475, 237,467, 360,467, 
Line 360,447, 237,447, 237,437, 252,437, 252,432, 456,432, 456,344, 449,344, 449,337, 480,337, 
Line 237,222, 237,377, 252,377, 252,384, 409,384, 409,338, 361,338, 361,246, 410,246, 410,126, 400,126, 400,196, 410,196, 
Line 480,246, 449,246, 449,238, 455,240, 455,125, 464,125, 464,196, 455,196, 
Line 399,403, 311,403, 
Line 521,276, 460,276, 
Line 521,308, 460,308, 
Line 480,266, 480,276, 
Line 480,318, 480,308, 
Line 475,276, 475,246, 
Line 475,337, 475,308, 
Dashed 391,403, 391,432, 
Dashed 311,403, 311,432, 
Stairs 883,161, 848,161, 883,131, 
Stairs 840,171, 791,171, 840,131, 
Stairs 783,131, 748,131, 783,161, 
Stairs 787,308, 787,276, 726,308, 
Stairs 460,308, 460,276, 521,308, 
Stairs 500,131, 464,131, 500,161, 
Stairs 455,131, 410,131, 455,231, 
Stairs 400,131, 365,131, 400,161, 
Stairs 399,403, 399,384, 322,403, 
Stairs 354,467, 354,447, 272,467, 
Stairs 354,495, 354,475, 272,495, 
Stairs 76,525, 76,504, 159,525, 
Stairs 193,308, 237,308, 192,226, 

PenColor FF0000
Arrow 482,171, 482,212, 
Arrow 446,176, 446,115, 
Arrow 439,324, 439,356, 
Arrow 418,414, 396,414, 
Arrow 254,422, 232,422, 
Arrow 484,286, 452,286, 
Arrow 764,285, 793,285, 
Arrow 765,171, 765,209, 
Arrow 801,176, 801,116, 
PenColor 009900
Arrow 418,115, 418,178, 
Arrow 382,212, 382,171, 
Arrow 424,356, 424,324, 
Arrow 395,393, 418,393, 
Arrow 244,394, 267,394, 
Arrow 493,297, 530,297, 
Arrow 754,299, 719,299, 
Arrow 865,208, 865,171, 
Arrow 829,116, 829,178, 
