Size 1050x1220

;Шереметьево
PenColor 000000
BrushColor -1
;Line 469,287, 370,80, 2
Railway 6, 8, 7, 463,281, 367,83
Spline 338,296, 347,280, 338,264, 2
Line 338,264, 370,80, 2
Line 332,184, 370,80, 2
Line 237,250, 370,80, 2

Line 370,80, 235,80, 2
Line 370,76, 235,76, 2
AngleTextOut 0, Arial, 22, 240, 53, Шереметьево, 1
AngleTextOut 80, Arial, 12, 350, 189, м.200
AngleTextOut 52, Arial, 12, 303, 143, авт.817

Image Airplane_logo.vec, 190, 51


;Быково
PenColor 000000
BrushColor -1
Line 1030,873, 933,813, 2
;Line 938,876, 964,813, 871,671, 854,529, 720,374, 2
Railway 6, 8, 7, 722,371, 807,438, 858,529, 865,604, 874,670, 911,747, 967,812, 1032,868
Line 932,877, 1030,877, 2
Line 932,873, 1030,873, 2
AngleTextOut 0, Arial, 22, 931, 853, Быково, 1

Image Airplane_logo.vec, 1002, 882


;Домодедово
PenColor 000000
BrushColor -1
Line 665,1169, 777,1045, 2
Line 646,783, 665,1169, 2
;Railway 6, 8, 7, 637,789, 598,816, 587,867, 609,906, 636,943, 650,996, 658,1080, 667,1170
Line 665,1169, 803,1169, 2
Line 665,1173, 803,1173, 2
;Railway 6, 8, 7, 408,367, 566,344, 704,390, 770,486, 787,590, 780,752, 741,955, 669,1165

Railway 6, 8, 7, 660,1169, 675,1078, 669,1007, 631,946, 604,910, 581,868, 592,816, 635,783
Railway 6, 8, 7, 660,1169, 688,1079, 721,1014, 747,941, 763,867, 775,780, 781,693, 781,590, 768,491, 703,390, 565,336, 411,373

Ellipse 757,560, 811,614, 2
Ellipse 356,354, 414,412, 2
AngleTextOut 0, Arial, 22, 686, 1146, Домодедово, 1
AngleTextOut 48, Arial, 12, 702, 1128, авт.308

Image Airplane_logo.vec, 811, 1143


;Внуково
PenColor 000000
BrushColor -1
;Line 161,1098, 319,683, 2
Railway 6, 8, 7, 309,677, 217,774, 119,885
Line 117,882, 376,713, 2
Line 117,882, 204,889, 2
Line 117,882, 363,997, 2
Ellipse 298,619, 366,686, 2
Ellipse 370,668, 426,725, 2
Line 117,882, 23,882, 2
Line 117,886, 23,886, 2
AngleTextOut 0, Arial, 22, 24, 859, Внуково, 1
AngleTextOut -25, Arial, 12, 215, 928, "авт.526, маршр.М"
AngleTextOut -5, Arial, 12, 147, 871, авт.611

Image Airplane_logo.vec, 3, 892
