size 778x1000
Angle 62

BrushColor -1
AngleTextOut 0,Arial,15,90,544, кассы
PenColor F7782E
AngleTextOut 0,Arial,20,377,572, Ленинский проспект >>
AngleTextOut 0,Arial,20,218,385, << Профсоюзная
AngleTextOut 0,Arial,25,316,479, Академическая, 1
PenColor 00AFAF
AngleTextOut 0,Arial,15,-154,480, Профсоюзная улица
AngleTextOut 0,Arial,15,800,480, Профсоюзная улица
AngleTextOut -90,Arial,15,404,202, улица Дмитрия Ульянова
AngleTextOut -90,Arial,15,404,653, улица Дмитрия Ульянова
PenColor 0

BrushColor FC9C54
Polygon 207,410, 567,410, 567,444, 207,444, 
Polygon 207,535, 567,535, 567,569, 207,569, 

BrushColor 808080
Polygon 567,410, 636,410, 636,452, 552,452, 552,448, 567,448, 
Polygon 567,569, 567,531, 552,531, 552,527, 636,527, 636,569, 
Polygon 207,569, 207,530, 248,530, 248,527, 138,527, 138,569, 
Polygon 207,410, 207,448, 248,448, 248,451, 138,451, 138,410, 
Polygon 33,487, 73,487, 73,498, 33,498, 
Polygon 701,487, 741,487, 741,498, 701,498, 
Polygon 146,483, 220,483, 220,489, 146,489, 
Line 636,421, 700,421, 700,452, 742,452, 742,328, 675,328, 
Line 675,301, 820,301, 
Line 821,328, 772,328, 772,649, 821,649, 
Line 822,677, 677,677, 
Line 677,649, 743,649, 743,535, 700,535, 700,558, 636,558, 
Line 138,421, 75,421, 75,452, 32,452, 32,329, 92,329, 
Line 92,301, -44,301, 
Line -44,329, 3,329, 3,649, -44,649, 
Line -44,677, 92,677, 
Line 92,649, 32,649, 32,535, 76,535, 76,558, 138,558, 
Line 76,546, 138,546, 
Dashed 146,483, 146,451, 
Dashed 216,451, 216,483, 
Stairs 626,452, 626,527, 600,452, 
Stairs 585,452, 585,527, 556,452, 
Stairs 219,489, 219,527, 188,489, 
Stairs 174,489, 174,527, 150,489, 
Stairs -42,301, -42,329, -2,301, 
Stairs 40,301, 40,329, 90,301, 
Stairs -42,649, -42,677, -2,649, 
Stairs 40,649, 40,677, 90,649, 
Stairs 680,301, 680,328, 736,301, 
Stairs 777,301, 777,327, 818,301, 
Stairs 680,649, 680,677, 735,649, 
Stairs 777,649, 777,677, 816,649, 
Stairs 248,451, 248,527, 237,451, 

PenColor FF0000
Arrow 696,516, 747,516, 
Arrow 78,470, 28,470, 
Arrow 245,471, 221,471, 
Arrow 544,502, 595,502, 
PenColor 009900
Arrow 747,468, 695,468, 
Arrow 30,514, 79,514, 
Arrow 185,501, 233,501, 
Arrow 594,480, 543,480, 

