size 460x1007
Angle 83

BrushColor -1
PenColor F7782E
AngleTextOut 0,Arial,20,643,639, ВДНХ >>
AngleTextOut 0,Arial,20,298,474, << Рижская
AngleTextOut 0,Arial,25,442,550, Алексеевская, 1
PenColor 00AFAF
AngleTextOut 0,Arial,15,-43,325, проспект Мира
AngleTextOut -45,Arial,15,-243,604, Новоалексеевская улица
PenColor 0

BrushColor FC9C54
Polygon 289,498, 719,498, 719,518, 289,518, 
Polygon 289,616, 719,616, 719,636, 289,636, 

BrushColor 808080
Polygon 289,524, 316,524, 316,532, 298,532, 298,539, 289,539, 
Polygon 289,595, 298,595, 298,611, 289,611, 
Polygon 330,539, 404,539, 404,549, 330,549, 
Polygon 330,585, 404,585, 404,595, 330,595, 
Polygon 719,524, 710,524, 710,539, 649,539, 649,595, 694,595, 694,605, 710,605, 710,610, 719,610, 
Line 719,524, 719,518, 
Line 719,610, 719,616, 
Line 289,611, 289,616, 
Line 289,524, 289,518, 
Line 298,539, 330,539, 
Line 330,595, 298,595, 
Line 193,549, 156,549, 
Line 193,585, 156,585, 
Line 30,639, 16,654, 
Line 36,670, -16,722, 
Line -92,581, -92,540, -101,540, 
Line -93,478, -29,478, -29,541, -42,541, -42,579, -20,579, 
Line 6,603, -9,618, 
Line 93,466, 93,446, 67,449, 67,375, 
Line 217,419, 249,450, 256,443, 
Line 206,493, 213,486, 186,459, 172,474, 
Line 135,453, 135,475, 
Dashed 330,549, 193,549, 
Dashed 330,585, 193,585, 
Dashed 358,549, 358,585, 
Spline 330,585, 320,567, 330,549, 
Spline 193,585, 204,567, 193,549, 
Spline 217,419, 153,382, 67,375, 
Spline 172,474, 155,461, 135,453, 
Spline 135,475, 177,507, 193,549, 
Spline 193,585, 161,642, 100,665, 30,640, 
Spline 6,603, -2,557, 16,508, 51,478, 93,466, 
Spline 16,654, 27,663, 36,670, 
Spline -9,618, -17,600, -20,579, 
Spline -16,722, -61,676, -85,628, -92,581, 

PenColor FF0000
Arrow 151,579, 123,579, 
Arrow 35,603, -5,643, 
Arrow -65,584, -65,528, 
PenColor 009900
Arrow 123,555, 151,555, 
Arrow 114,440, 114,498, 
Arrow 235,476, 197,438, 

