size 530x1100
Angle 90

BrushColor -1
PenColor 4C4C4C
AngleTextOut 0,Arial,20,331,639, тупик >>
AngleTextOut 0,Arial,20,80,453, << Бибирево
AngleTextOut 0,Arial,25,184,547, Алтуфьево, 1
PenColor 00AFAF
AngleTextOut -90,Arial,15,230,696, улица Лескова
AngleTextOut -90,Arial,15,227,305, Череповецкая улица
AngleTextOut 0,Arial,15,678,552, Алтуфьевское шоссе
AngleTextOut 0,Arial,15,-265,550, Алтуфьевское шоссе
PenColor 0

BrushColor 9CA4A4
Polygon 74,479, 412,479, 412,513, 74,513, 
Polygon 74,604, 412,604, 412,638, 74,638, 

BrushColor 808080
Polygon 412,638, 412,596, 473,596, 473,638, 
Polygon 412,479, 412,521, 473,521, 473,479, 
Polygon 74,479, 74,521, 13,521, 13,479, 
Polygon 74,638, 74,596, 13,596, 13,638, 
Polygon 530,510, 561,510, 561,607, 530,607, 
Polygon -73,510, -42,510, -42,607, -73,607, 
Line 473,479, 561,479, 561,431, 508,431, 
Line 508,410, 650,410, 
Line 650,432, 588,432, 588,479, 597,479, 597,638, 588,638, 588,687, 650,687, 
Line 650,709, 508,709, 
Line 508,687, 562,687, 562,638, 473,638, 
Line 13,638, -75,638, -75,687, -21,687, 
Line -21,709, -163,709, 
Line -163,687, -101,687, -101,637, -110,637, -110,478, -101,478, -101,431, -163,431, 
Line -163,410, -21,410, 
Line -21,432, -75,432, -75,479, 13,479, 
Stairs 512,410, 512,431, 556,410, 
Stairs 602,410, 602,432, 646,410, 
Stairs 512,687, 512,709, 556,687, 
Stairs 602,687, 602,709, 646,687, 
Stairs 415,521, 415,596, 435,521, 
Stairs 452,521, 452,596, 473,521, 
Stairs 52,521, 52,596, 72,521, 
Stairs 15,521, 15,596, 35,521, 
Stairs -159,410, -159,431, -115,410, 
Stairs -69,411, -69,432, -25,410, 
Stairs -159,687, -159,709, -115,687, 
Stairs -69,687, -69,709, -25,687, 

PenColor FF0000
Arrow 527,622, 565,622, 
Arrow -38,622, -76,622, 
PenColor 009900
Arrow 563,494, 525,494, 
Arrow -74,494, -36,494, 

