Size 900x600
Angle -29

BrushColor -1
PenColor 000000
AngleTextOut 0, Arial, 15, 145, 302, << Нахабино
AngleTextOut 0, Arial, 15, 855, 364, Опалиха >>

Stairs 493,373, 502,373, 493,387
Line 493,373, 493,387
Line 502,373, 502,387
Stairs 147,322, 147,329, 135,322
Line 147,322, 135,322, 135,310
Line 147,329, 130,329, 133,356, 147,356
Line 147,363, 133,363, 133,416, 239,761
Stairs 147,356, 147,363, 133,356
Line 221,771, 40,182
Line 135,310, 112,255, 90,198, 79,160
Line 71,165, 83,201, 106,258, 128,310, 128,322, 121,322, 126,356, 126,396, 59,171
Stairs 135,320, 128,320, 135,311
Line 89,382, 89,358, 71,358, 71,382, 89,382

BrushColor 84AC60
Polygon 214,780, 93,393, 60,393, 60,361, -38,361, 199,788
Polygon 193,544, 143,377, 394,377, 415,398, 507,398, 526,382, 941,382, 645,546
Polygon 125,239, 89,149, 531,-96, 670,154, 782,239
Polygon 21,187, 42,256, -103,256

Railway 4, 6, 6, -47,335, 988,335
Railway 4, 6, 6, -47,346, 994,346

BrushColor 909090
Polygon 147,320, 927,320, 927,331, 147,331
Polygon 147,354, 927,354, 927,365, 514,365, 514,374, 482,374, 482,370, 428,370, 428,374, 409,374, 409,365, 147,365
 
BrushColor 505050
Polygon 428,387, 428,370, 482,370, 482,387
Polygon 71,358, 89,358, 89,382, 71,382

BrushColor -1
BrushColor FFFFFF
PenColor 000000
AngleTextOut 29, Arial, 15, 113, 162, Волоколамское ш. 0.9 км
Arrow 116,183, 106,153

