size 460x1035
Angle 80

BrushColor -1
PenColor 4C4C4C
AngleTextOut 0,Arial,20,24,545, Улица Академика Янгеля >>
AngleTextOut 0,Arial,20,-142,366, << Бульвар Дмитрия Донского
AngleTextOut 0,Arial,25,-8,458, Аннино, 1
PenColor 00AFAF
AngleTextOut 0,Arial,15,420,658, Варшавское шоссе
PenColor 0

BrushColor 9CA4A4
Polygon -166,392, 269,392, 269,423, -166,423, 
Polygon -166,509, 268,509, 268,542, -166,542, 

BrushColor 808080
Polygon 269,392, 269,441, 364,441, 364,421, 432,421, 432,392, 
Polygon 268,542, 268,493, 363,493, 363,512, 432,512, 432,542, 
Polygon -166,392, -166,441, -263,441, -263,392, 
Polygon -166,542, -166,491, -263,491, -263,542, 
Polygon 500,451, 592,451, 592,484, 500,484, 
Line 432,392, 576,392, 576,241, 686,241, 
Line 686,265, 616,265, 616,391, 652,391, 652,542, 617,542, 617,615, 506,615, 
Line 506,592, 577,592, 577,542, 432,542, 
Line 364,441, 431,441, 
Line 363,493, 431,493, 
Dashed 431,441, 431,493, 
Dashed 309,442, 309,493, 
Stairs -263,441, -263,491, -176,441, 
Stairs 506,592, 506,615, 577,592, 
Stairs 686,265, 686,241, 616,265, 

PenColor FF0000
Arrow 538,513, 582,513, 
Arrow 253,479, 297,479, 
Line -282,449, -269,483, 
Line -269,449, -282,483, 
PenColor 009900
Arrow 543,420, 501,420, 
Arrow 295,452, 253,452, 

