size 660x730

BrushColor -1
PenColor 2C7CAC
AngleTextOut 0,Arial,20,25,525, << Смоленская
AngleTextOut 0,Arial,20,354,686, Александровский Cад >>
AngleTextOut 0,Arial,25,195,603, Арбатская, 1
PenColor 00AFAF
AngleTextOut 90,Arial,15,294,392, Арбатская площадь
AngleTextOut 0,Arial,15,84,11, улица Новый Арбат
AngleTextOut 20,Arial,15,67,154, улица Арбат
AngleTextOut 0,Arial,15,366,8, улица Воздвиженка
AngleTextOut -30,Arial,15,550,455, улица Знаменка
AngleTextOut 82,Arial,15,221,244, Гоголевский бульвар
PenColor 0

BrushColor 2C7CAC
Polygon 18,657, 18,685, 551,685, 551,657, 
Polygon 18,546, 18,574, 69,574, 69,546, 
Polygon 127,546, 127,574, 376,574, 376,546, 
Polygon 434,546, 434,574, 551,574, 551,546, 
Line 28,601, 69,601, 69,574, 
Line 127,574, 127,601, 168,601, 
Line 168,630, 28,630, 
Line 69,546, 127,546, 
Line 551,574, 551,657, 
Line 18,574, 18,657, 
Line 335,629, 474,629, 
Line 335,601, 376,601, 376,574, 
Line 474,601, 434,601, 434,574, 
Line 434,546, 419,546, 419,522, 523,522, 523,419, 471,419, 471,202, 
Line 376,546, 389,546, 389,522, 330,522, 330,419, 393,419, 393,202, 
Line 471,306, 499,278, 496,253, 514,259, 558,246, 567,218, 
Line 535,194, 523,191, 520,180, 537,174, 
Line 532,140, 517,140, 512,137, 518,124, 517,78, 493,63, 461,85, 457,96, 444,96, 444,76, 
Line 416,76, 416,96, 402,96, 398,86, 366,63, 342,78, 342,124, 348,137, 344,140, 326,141, 
Line 320,173, 338,178, 334,190, 326,191, 293,218, 302,245, 346,257, 355,254, 362,254, 362,262, 358,272, 393,307, 
Stairs 474,629, 474,601, 438,629, 
Stairs 335,629, 335,601, 372,629, 
Stairs 168,630, 168,601, 131,630, 
Stairs 28,630, 28,601, 66,630, 
Stairs 394,410, 471,410, 393,430, 
Stairs 393,377, 471,377, 393,398, 
Stairs 393,344, 471,344, 393,365, 
Stairs 393,281, 471,281, 393,319, 
Stairs 393,205, 471,205, 393,253, 

PenColor FF0000
Arrow 518,159, 556,156, 
Arrow 407,444, 407,370, 
Arrow 400,560, 400,508, 
PenColor 009900
Arrow 449,371, 449,444, 
Arrow 410,508, 410,560, 
Arrow 565,195, 536,216, 

