size 753x753
Angle 20

BrushColor -1
PenColor 0
AngleTextOut 0,Arial,20,434,120, << Площадь Ильича
AngleTextOut 0,Arial,20,598,310, Шоссе Энтузиастов >>
AngleTextOut 0,Arial,25,516,210, Авиамоторная, 1
PenColor FCDC04
AngleTextOut 0,Arial,20,433,119, << Площадь Ильича
AngleTextOut 0,Arial,20,597,309, Шоссе Энтузиастов >>
AngleTextOut 0,Arial,25,514,208, Авиамоторная, 1
PenColor 00AFAF
AngleTextOut 0,Arial,15,269,519, ж/д платформа "Новая" >>
AngleTextOut 0,Arial,15,114,392, Шоссе Энтузиастов
AngleTextOut 270,Arial,15,151,95, ул.Авиамоторная
AngleTextOut 270,Arial,15,152,555, ул.Авиамоторная
PenColor 0

PenColor 040464                                   
SpotRect 458,525, 150, 15, LoadVec Novaya.vec
TextOut Arial,12,458,525, Схема перехода к пл."Новая", 5
PenColor 0

BrushColor FCDC04
Polygon 458,145, 782,145, 782,180, 458,180, 
Polygon 458,271, 782,271, 782,304, 458,304, 

BrushColor 808080;
Polygon 782,264, 761,264, 761,252, 705,252, 705,263, 693,263, 693,188, 705,188, 705,198, 758,198, 758,187, 782,187, 
Polygon 458,304, 458,262, 393,262, 393,272, 375,272, 351,294, 351,298, 220,298, 220,304, 
Polygon 458,145, 458,188, 394,188, 394,177, 375,176, 352,155, 352,150, 220,150, 220,144, 
Polygon 252,177, 252,273, 273,273, 272,177, 

Line 782,271, 782,180, 
Line 220,144, 202,144, 202,69, 
Line 179,69, 179,144, 165,144, 165,281, 108,281, 108,235, 
Line 85,236, 85,281, 32,281, 
Line 32,304, 55,304, 55,340, 32,340, 
Line 32,364, 55,364, 55,433, 32,433, 
Line 32,456, 55,456, 55,462, 86,462, 101,477, 101,555, 
Line 124,555, 124,521, 175,521, 175,556, 
Line 196,556, 196,521, 235,521, 
Line 235,499, 123,499, 123,471, 94,442, 73,442, 73,304, 133,304, 133,338, 156,338, 156,333, 190,333, 
Line 190,312, 156,312, 156,304, 220,304, 
Line 386,188, 512,188, 512,194, 489,194, 
Line 386,262, 512,262, 512,256, 489,256, 
Dashed 386,262, 386,188, 
Dashed 489,256, 489,194, 

Stairs 161,333, 161,312, 183,333, 
Stairs 204,521, 204,499, 235,521, 
Stairs 175,526, 196,526, 175,551, 
Stairs 101,525, 124,525, 101,550, 
Stairs 36,456, 36,433, 48,456, 
Stairs 36,340, 36,364, 48,340, 
Stairs 37,281, 37,304, 49,281, 
Stairs 85,243, 108,243, 85,276, 
Stairs 179,75, 202,75, 179,103, 
Stairs 210,144, 210,304, 219,144, 

PenColor FF0000
Arrow 465,242, 412,242, 
Arrow 276,284, 248,284, 
PenColor 009900
Arrow 413,207, 464,207, 
Arrow 248,162, 276,162, 

