size 506x980
Angle -80

BrushColor -1
PenColor 046434
AngleTextOut 0,Arial,20,155,313, << Павелецкая
AngleTextOut 0,Arial,20,408,456, Коломенская >>
AngleTextOut 0,Arial,25,249,384, Автозаводская, 1
PenColor 00AFAF
AngleTextOut 125,Arial,15,568,646, Автозаводская улица
AngleTextOut -10,Arial,15,246,563, улица Мастеркова
AngleTextOut 110,Arial,15,-166,657, улица Ленинская Слобода
PenColor 0

BrushColor 046434
Polygon 140,338, 527,338, 527,358, 140,358, 
Polygon 140,432, 527,432, 527,452, 140,452, 

BrushColor 808080
Polygon -46,362, -24,362, -24,428, -46,428, 
Polygon 140,364, 228,364, 228,376, 184,376, 184,369, 140,369, 
Polygon 140,421, 184,421, 184,414, 228,414, 228,426, 140,426, 
Polygon 527,364, 439,364, 439,376, 483,376, 483,369, 527,369, 
Polygon 527,426, 439,426, 439,414, 483,414, 483,421, 527,421, 
Line 527,364, 527,358, 
Line 527,426, 527,432, 
Line 140,426, 140,432, 
Line 140,358, 140,364, 
Line -130,572, -90,572, -90,456, -94,456, -94,332, -90,332, -90,292, 
Line -52,292, -52,333, -45,333, -45,338, -23,338, -23,330, 55,330, 55,368, 69,368, 
Line -130,613, -51,613, -51,456, -45,456, -45,451, -23,451, -23,459, 55,459, 55,421, 69,421, 
Line 610,368, 624,368, 
Line 610,422, 625,422, 
Line 635,475, 647,475, 
Line 703,476, 728,476, 
Line 623,503, 632,512, 616,528, 
Line 655,569, 671,553, 690,572, 
Line 615,626, 611,611, 632,590, 
Line 558,568, 572,571, 594,549, 
Line 703,476, 703,448, 
Line 647,475, 647,446, 
Dashed 527,367, 643,367, 643,422, 527,422, 
Dashed 501,421, 501,369, 
Dashed 140,367, 65,367, 65,421, 140,421, 
Dashed 167,369, 167,421, 
Spline 610,422, 578,395, 610,368, 
Spline 527,422, 553,395, 527,369, 
Spline 140,421, 114,396, 140,369, 
Spline 69,421, 93,396, 70,368, 
Spline 594,550, 595,528, 616,528, 
Spline 632,590, 652,589, 655,569, 
Spline 623,503, 632,490, 635,475, 
Spline 690,572, 719,528, 728,476, 
Spline 703,448, 725,427, 735,394, 718,352, 676,332, 643,343, 624,368, 
Spline 625,422, 635,435, 647,446, 
Stairs -90,294, -52,294, -90,307, 
Stairs -129,572, -129,613, -108,572, 

PenColor FF0000
Arrow 596,562, 583,575, 
Arrow 651,408, 668,408, 
Arrow 113,378, 94,378, 
Arrow -14,349, -55,349, 
PenColor 009900
Arrow 609,600, 621,588, 
Arrow 667,377, 648,377, 
Arrow 97,409, 115,409, 
Arrow -56,440, -14,440, 

