size 595x858
Angle 72

BrushColor -1
PenColor F7782E
AngleTextOut 0,Arial,20,303,508, Медведково >>
AngleTextOut 0,Arial,20,154,322, << Свиблово
AngleTextOut 0,Arial,25,211,418, Бабушкинская, 1
PenColor 00AFAF
AngleTextOut 0,Arial,15,167,546, Енисейская улица
AngleTextOut -90,Arial,15,292,195, улица Менжинского
PenColor 0

BrushColor FC9C54
Polygon 143,349, 439,349, 439,383, 143,383, 
Polygon 143,474, 439,474, 439,508, 143,508, 

BrushColor 808080
Polygon 439,349, 493,349, 493,391, 439,391, 
Polygon 143,349, 40,349, 40,389, 56,389, 56,405, 143,405, 
Polygon 143,508, 143,452, 56,452, 56,468, 40,468, 40,508, 
Polygon 439,508, 439,466, 493,466, 493,508, 
Polygon -59,380, -40,380, -40,477, -59,477, 
Polygon 552,380, 571,380, 571,477, 552,477, 
Line 493,349, 571,349, 571,316, 492,316, 
Line 492,283, 680,283, 
Line 678,316, 601,316, 601,562, 678,562, 
Line 680,596, 492,596, 
Line 492,562, 572,562, 572,508, 493,508, 
Line 40,349, -59,349, -59,321, 18,321, 
Line 20,288, -168,288, 

Line -168,321, -89,321, -89,508, 40,508, 


Dashed 58,405, 58,452, 
Dashed 132,405, 132,452, 
Stairs 495,283, 495,316, 563,283, 
Stairs 606,283, 606,316, 676,283, 
Stairs -54,288, -54,321, 16,288, 
Stairs -96,288, -96,321, -165,288, 

Stairs 496,562, 496,596, 563,562, 
Stairs 606,562, 606,596, 675,562, 
Stairs 439,391, 439,466, 460,391, 
Stairs 493,391, 493,466, 472,391, 

PenColor FF0000
Arrow 548,496, 578,496, 
Arrow -35,495, -64,495, 
PenColor 009900
Arrow 575,360, 546,360, 
Arrow -62,361, -33,361, 

