size 841x686
Angle 25

BrushColor -1
PenColor 2C7CAC
AngleTextOut 0,Arial,20,92,151, << Филевский парк
AngleTextOut 0,Arial,30,327,243, Багратионовская, 1
AngleTextOut 0,Arial,20,667,340, Фили >>
PenColor 00AFAF
AngleTextOut -90,Arial,15,433,414, улица Барклая
AngleTextOut 0,Arial,15,360,85, Сеславинская улица
AngleTextOut -90,Arial,15,526,565, '"Горбушка"' >>
AngleTextOut -90,Arial,15,504,565, '"Горбушкин двор"' >>
PenColor 0

BrushColor 2C7CAC
Polygon 56,201, 56,177, 830,177, 830,201, 
Polygon 56,335, 56,311, 830,311, 830,335, 

BrushColor 808080
Polygon 665,228, 665,234, 583,234, 583,228, 
Polygon 583,284, 583,278, 665,278, 665,284, 
Polygon 303,284, 303,278, 221,278, 221,284, 
Polygon 303,228, 303,234, 221,234, 221,228, 
Polygon 120,438, 120,431, 191,432, 191,494, 119,494, 119,487, 183,487, 183,438, 
Polygon 739,497, 739,490, 676,490, 675,441, 739,441, 739,434, 667,434, 668,497, 

Line 830,201, 830,311, 
Line 56,311, 56,201, 
Line 221,284, 122,284, 122,228, 221,228, 
Line 665,228, 764,228, 764,284, 665,284, 
Line 299,393, 299,384, 89,384, 89,544, 299,544, 299,535, 
Line 299,508, 299,419, 
Line 561,534, 561,543, 770,543, 770,384, 561,384, 561,393, 
Line 561,420, 561,508, 
Line 191,432, 207,432, 219,456, 249,456, 260,431, 270,431, 270,494, 191,494, 
Line 667,434, 588,434, 588,498, 599,498, 611,473, 641,473, 652,497, 668,497, 
Stairs 267,278, 267,234, 224,278, 
Stairs 619,278, 619,234, 662,278, 
Stairs 171,487, 171,438, 122,487, 
Stairs 688,490, 688,441, 736,490, 

PenColor FF0000
Arrow 608,244, 672,244, 
Arrow 278,244, 213,244, 
Arrow 587,398, 547,398, 
Arrow 272,530, 311,530, 
Arrow 178,476, 114,476, 
Arrow 681,452, 745,452, 
PenColor 009900
Arrow 668,268, 607,268, 
Arrow 218,268, 279,268, 
Arrow 309,399, 278,399, 
Arrow 549,529, 580,529, 
Arrow 115,449, 178,449, 
Arrow 745,479, 681,479, 

