size 1031x650
Angle -30

BrushColor -1
PenColor AC1CAC
AngleTextOut 0,Arial,15,483,88, << Улица 1905 года
AngleTextOut 0,Arial,15,683,239, Пушкинская >>
AngleTextOut 0,Arial,25,556,160, Баррикадная, 1
PenColor 9B5509
AngleTextOut 90,Arial,15,233,533, << Киевская
AngleTextOut 90,Arial,15,355,308, Белорусская >>
AngleTextOut 90,Arial,25,289,462, Краснопресненская, 1
PenColor 00AFAF
AngleTextOut 20,Arial,15,68,542, улица Красная Пресня
AngleTextOut 120,Arial,15,595,602, Конюшковская улица
AngleTextOut 110,Arial,15,490,386, улица Большая Грузинская
AngleTextOut 0,Arial,15,645,392, Баррикадная улица
PenColor 0

BrushColor 9B5509
Polygon 264,538, 250,538, 250,125, 264,125, 
Polygon 353,538, 339,538, 339,193, 353,193, 
Polygon 354,176, 340,176, 340,168, 354,168, 
Polygon 353,151, 340,151, 340,125, 353,125, 
Spline 379,145, 391,171, 377,199, 
Spline 266,736, 261,740, 240,720, 242,717, 227,680, 243,631, 282,607, 302,596, 320,606, 356,628, 377,673, 362,715, 364,719, 341,740, 336,737, 
Spline 431,680, 431,710, 428,713, 417,708, 399,736, 372,759, 304,779, 241,762, 208,741, 186,708, 175,713, 172,712, 170,680, 
Spline 318,512, 302,521, 284,513, 
Dashed 283,611, 283,503, 319,503, 320,609, 
Dashed 283,643, 320,643, 
Line 378,145, 363,145, 363,151, 319,151, 319,144, 
Line 319,176, 319,168, 363,168, 363,176, 320,176, 
Line 377,199, 363,199, 363,193, 320,193, 
Line 339,125, 324,125, 324,144, 280,144, 280,125, 265,125, 
Line 337,538, 324,538, 324,512, 
Line 265,538, 278,538, 278,512, 

BrushColor AC1CAC
Polygon 480,124, 480,106, 769,106, 769,124, 
Polygon 480,239, 480,221, 769,221, 769,239, 
Spline 769,193, 781,172, 769,151, 
Spline 852,194, 840,173, 851,153, 
Spline 480,197, 464,201, 452,173, 465,144, 479,149, 
Dashed 479,199, 378,199, 378,147, 474,147, 
Dashed 497,196, 497,148, 
Dashed 850,194, 770,194, 
Dashed 769,151, 853,151, 
Dashed 752,194, 752,151, 
Dashed 904,152, 904,193, 
Line 903,152, 853,152, 853,111, 963,111, 963,145, 941,145, 
Line 903,193, 853,193, 853,229, 911,229, 911,253, 
Line 938,253, 938,229, 964,229, 964,171, 941,171, 
Line 769,221, 769,205, 
Line 769,141, 769,124, 
Line 480,219, 480,204, 
Line 480,138, 480,125, 

BrushColor C4C4C4
Polygon 769,194, 769,204, 707,204, 707,190, 727,190, 727,194, 768,194, 
Polygon 769,141, 769,151, 727,151, 727,155, 707,155, 707,142, 768,142, 
Polygon 480,197, 480,204, 543,204, 543,196, 480,196, 
Polygon 480,140, 480,148, 543,148, 543,140, 
Polygon 319,194, 324,194, 324,240, 315,240, 315,235, 319,235, 
Polygon 285,144, 280,144, 280,240, 289,240, 289,235, 285,235, 
Polygon 283,513, 278,513, 278,467, 283,467, 
Polygon 319,512, 324,512, 324,467, 319,467, 
Polygon 377,669, 372,654, 364,639, 381,639, 387,645, 383,650, 383,669, 
Polygon 408,665, 416,665, 416,640, 431,640, 431,670, 420,670, 420,668, 408,668, 
Polygon 378,675, 384,675, 384,684, 376,684, 
Polygon 408,686, 408,680, 431,680, 431,686, 
Polygon 171,687, 171,680, 194,680, 194,687, 
Polygon 228,686, 220,686, 220,676, 227,676, 
Polygon 228,668, 221,668, 221,650, 215,644, 219,639, 237,639, 232,652, 229,661, 
Polygon 194,668, 174,668, 174,640, 190,640, 190,645, 187,645, 187,663, 194,663, 
Line 312,745, 312,751, 291,751, 291,745, 
Line 320,643, 320,610, 
Line 283,643, 283,607, 
Stairs 285,229, 319,229, 285,213, 
Stairs 324,193, 324,176, 338,193, 
Stairs 324,168, 324,151, 337,167, 

Arrow 363,184, 346,184, 
Arrow 346,160, 363,160, 
PenColor FF0000
Arrow 310,474, 310,496, 
Arrow 394,659, 394,620, 
Arrow 323,725, 323,756, 
Arrow 934,158, 971,158, 
PenColor 009900
Arrow 291,496, 291,474, 
Arrow 206,619, 206,658, 
Arrow 280,756, 280,726, 
Arrow 925,259, 925,221, 

