size 891x839
Angle 45

BrushColor -1
AngleTextOut 0,Arial,15,91,313, кассы
PenColor 34349C
AngleTextOut 0,Arial,20,269,277, << Курская
AngleTextOut 0,Arial,20,691,562, Электрозаводская >>
AngleTextOut 0,Arial,25,557,416, Бауманская, 1
PenColor 00AFAF
AngleTextOut -120,Arial,15,-42,318, ул.Бауманская
PenColor 0

BrushColor 34349C
Polygon 256,342, 256,301, 893,301, 893,342, 
Polygon 256,559, 256,518, 893,518, 893,559, 

BrushColor 808080
Polygon 256,467, 406,467, 406,454, 464,454, 464,493, 256,493, 
Polygon 256,367, 464,367, 464,406, 406,406, 406,393, 256,393, 
Polygon 893,366, 893,494, 844,494, 844,454, 866,454, 866,406, 844,406, 844,366, 
Polygon 97,557, 97,525, 118,525, 118,557, 
Line 893,518, 893,494, 
Line 893,366, 893,342, 
Line 256,518, 256,493, 
Line 256,367, 256,342, 
Line 150,557, 134,557, 134,502, 151,502, 151,476, 169,476, 169,467, 187,467, 
Line 65,557, 81,557, 81,502, 64,502, 64,475, 36,475, 36,534, 26,534, 
Line -50,488, -19,437, -30,429, -49,459, -66,449, -60,439, -70,432, -76,441, 
Line -6,318, -13,330, -1,338, 6,327, 21,337, 5,365, 32,381, 36,381, 38,388, 64,388, 64,358, 80,358, 80,332, 135,332, 135,358, 151,358, 151,384, 169,384, 169,393, 187,393, 
Dashed 365,466, 365,394, 
Dashed 256,393, 187,393, 
Dashed 187,467, 256,467, 
Dashed 169,467, 169,393, 
Spline 256,467, 226,430, 256,393, 
Spline 187,467, 218,430, 187,393, 
Spline 26,534, -15,518, -50,488, 

PenColor FF0000
Arrow 158,451, 110,451, 
Arrow 126,521, 126,548, 
Arrow 90,521, 90,549, 
PenColor 009900
Arrow 110,411, 158,411, 
Arrow -41,364, -11,382, 

