size 1393x894
;Angle -23
;Image Beg.gif

BrushColor -1
PenColor AC24AC
AngleTextOut 0,Arial,20,403,376, << Полежаевская
AngleTextOut 0,Arial,20,533,558, Улица 1905 года >>
AngleTextOut 0,Arial,25,423,460, Беговая, 1
PenColor 00AFAF
AngleTextOut 40,Arial,15,116,286, 1-й Хорошевский проезд
AngleTextOut 0,Arial,15,20,470, Хорошевское шоссе
AngleTextOut 0,Arial,15,1011,471, Хорошевское шоссе
AngleTextOut 30,Arial,15,116,692, улица Розанова
AngleTextOut 65,Arial,15,1130,374, Бегова улица
AngleTextOut 23,Arial,15,1177,647, платформа "Беговая"
AngleTextOut 23,Arial,15,1226,777, платформа "Беговая"
PenColor 0
AngleTextOut 90,Arial,10,795,433, касса
AngleTextOut -70,Arial,10,1148,662, касса
AngleTextOut 23,Arial,15,887,819, << Тестовская
AngleTextOut 23,Arial,15,1206,742, Москва-Смоленская >>
AngleTextOut 23,Arial,15,1212,753, (Белорусский вокзал)

BrushColor AC24AC
Polygon 401,397, 691,397, 691,431, 401,431, 
Polygon 401,522, 691,522, 691,556, 401,556, 

BrushColor 808080
Polygon 691,397, 797,397, 797,439, 691,439, 
Polygon 401,397, 401,439, 294,439, 294,397, 
Polygon 691,556, 691,514, 798,514, 798,556, 
Polygon 401,556, 401,514, 295,514, 295,556, 
Polygon 691,477, 788,477, 788,483, 691,483, 
Polygon 304,470, 401,470, 401,476, 304,476, 
Polygon 883,428, 904,428, 904,525, 883,525, 
Polygon 188,428, 209,428, 209,524, 188,524, 188,494, 181,494, 181,458, 188,458, 
Polygon 948,621, 959,616, 998,708, 987,713, 
Line 797,397, 882,397, 882,402, 906,402, 906,363, 862,185, 803,200, 790,149, 
Line 820,143, 823,155, 853,148, 836,83, 929,60, 927,52, 
Line 951,46, 957,72, 934,78, 937,88, 996,73, 983,20, 
Line 1009,105, 947,120, 990,292, 964,299, 982,368, 982,584, 1030,698, 1083,675, 1072,648, 1053,657, 
Line 1026,668, 1019,671, 
Line 798,556, 883,556, 883,550, 910,550, 910,602, 963,726, 894,756, 
Line 951,700, 865,736, 889,793, 970,758, 1019,874, 1142,822, 
Line 1092,640, 1288,557, 1320,631, 1058,742, 1051,724, 
Line 1156,613, 1163,629, 
Line 1160,624, 1129,637, 
Line 1134,628, 1108,639, 
Line 1119,642, 1097,651, 1100,658, 
Line 1109,679, 1105,670, 
Line 1107,675, 1150,657, 1162,683, 
Line 1133,665, 1144,690, 
Line 1139,692, 1182,674, 1169,645, 
Line 1115,693, 1117,697, 
Line 1127,693, 997,748, 1033,833, 1184,769, 1187,776, 
Line 1143,787, 1146,794, 
Line 1150,805, 1157,820, 
Line 1191,787, 1197,799, 
Line 1161,831, 1164,837, 1205,819, 1201,810, 
Line 1084,811, 1078,795, 1343,682, 1373,755, 1108,868, 1096,841, 
Line 950,231, 963,284, 
Line 1027,763, 1332,634, 
Line 1032,775, 1337,646, 
Line 1040,791, 1344,662, 
Line 1045,802, 1349,673, 
Line 806,397, 806,439, 797,439, 
Dashed 951,700, 1019,671, 
Dashed 963,726, 1030,698, 

Line 294,397, 207,397, 207,402, 182,402, 182,354, 118,354, 
Line 118,377, 165,377, 165,398, 160,398, 160,551, 166,551, 166,608, 113,608, 
Line 113,630, 183,630, 183,551, 208,551, 208,556, 295,556, 
Line 691,439, 691,477, 
Line 401,476, 401,514, 
Dashed 788,483, 788,514, 
Dashed 716,483, 716,514, 
Dashed 304,470, 304,439, 
Dashed 377,439, 377,470, 
Stairs 708,439, 708,477, 773,439, 
Stairs 320,476, 320,514, 385,476, 
Stairs 123,354, 123,377, 159,354, 
Stairs 116,608, 116,630, 156,608, 
Stairs 963,284, 891,302, 956,258, 
Stairs 959,117, 951,85, 1005,106, 
Stairs 853,187, 844,151, 833,192, 
Stairs 793,159, 822,152, 790,149, 
Stairs 982,584, 915,612, 987,597, 
Stairs 1055,723, 1042,693, 1089,708, 
Stairs 1089,810, 1101,838, 1123,796, 
Stairs 1032,758, 1039,775, 1325,634, 
Stairs 1044,787, 1051,803, 1337,662, 
Stairs 1119,642, 1116,635, 1111,645, 
Stairs 1129,637, 1126,631, 1137,634, 
Stairs 973,764, 999,753, 976,773, 

PenColor FF0000
Arrow 882,535, 910,535, 
Arrow 210,413, 183,413, 
Line 1035,685, 1053,677, 
Arrow 1053,677, 1041,651, 
Arrow 984,633, 1000,670, 
Arrow 958,740, 938,749, 
Arrow 1066,841, 1087,832, 
Arrow 1155,796, 1137,803, 
Arrow 1198,777, 1180,785, 
Arrow 1040,702, 1084,684, 
Line 1135,698, 1128,680, 
Arrow 1128,680, 1105,690, 
Dashed 782,145, 801,219, 865,203, 846,129, 782,145, 
Dashed 918,48, 928,87, 964,78, 954,39, 918,48, 

PenColor 009900
Arrow 907,413, 880,413, 
Arrow 740,459, 700,459, 
Arrow 353,493, 393,493, 
Arrow 186,535, 213,535, 
Arrow 960,687, 943,647, 
Arrow 1031,656, 1038,673, 
Arrow 1094,666, 1109,660, 
Arrow 1122,636, 1127,647, 
Arrow 1159,641, 1176,634, 
Arrow 1091,695, 1045,714, 
Arrow 943,758, 962,750, 
Arrow 1081,821, 1061,829, 
Arrow 1152,829, 1168,822, 
Arrow 1195,808, 1209,802, 

