Size 630x730
Angle -45

BrushColor -1
PenColor 047C54
AngleTextOut 0, Arial, 15, 263, 336, Маяковская >>
AngleTextOut 0, Arial, 15, 54, 232, << Динамо
AngleTextOut 0, Arial, 25, 151, 267, Белорусская, 1
PenColor 543C04
AngleTextOut 90, Arial, 15, 358, 568, << Краснопресненская
AngleTextOut 90, Arial, 15, 485, 418, Новослободская >>
AngleTextOut 90, Arial, 25, 419, 455, Белорусская, 1
PenColor 00AFAF
AngleTextOut 90, Arial, 15, 512, 651, улица Грузинский вал
AngleTextOut 0, Arial, 15, -60, 398, Белорусский вокзал
AngleTextOut 110, Arial, 15, 268, 162, улица Бутырский вал
AngleTextOut 90, Arial, 15, 383, 109, Лесная улица

PenColor 040464
TextOut Arial, 12, 14, 495, Схема перехода к Белорусскому вокзалу, 5
SpotRect 14, 495, 210, 15, LoadVec BelZ.vec
PenColor 000000

BrushColor 9B5509
Polygon 405,512, 392,512, 392,413, 405,413
Polygon 481,512, 468,512, 468,297, 481,297
Polygon 392,367, 405,367, 405,297, 392,297
Polygon 405,385, 405,378, 392,378, 392,385
Polygon 405,403, 405,396, 392,396, 392,403
Dashed 125,304, 125,285
Dashed 79,285, -20,285, -20,304, 79,304
Line 359,264, 359,322

Dashed 255,406, 255,372
Dashed 323,399, 323,372
Line 425,367, 386,367, 386,364, 364,364, 364,372, 252,372, 252,301, 239,301, 239,372, 231,372, 231,300, 217,300, 217,372, 209,372, 209,300, 195,300, 195,372, 184,372, 184,406, 265,406, 265,399, 364,399, 364,415, 386,415, 386,413, 425,413, 425,403, 386,403, 386,396, 425,396, 425,385, 386,385, 386,378, 425,378, 425,367
Line 50,259, 50,275, 148,275, 148,285, 75,285, 65,290, 61,295, 65,300, 75,304, 148,304, 148,313, 50,313, 50,327
Line 26,336, 36,336, 36,327, 17,327, 17,317, 36,317, 36,268, -31,268, -31,275
Line -64,267, -64,372, 29,372, 29,376, 67,376, 67,368, 36,368, 36,348, 26,348
Line -43,346, -43,268
Spline -20,308, -4,308, 8,304, 12,295, 8,285, -4,281, -20,281

BrushColor 047C54
Polygon 359,322, 359,333, 252,333, 252,322
Polygon 239,322, 239,333, 231,333, 231,322
Polygon 217,322, 217,333, 209,333, 209,322
Polygon 195,322, 195,333, 50,333, 50,322
Polygon 359,252, 359,264, 50,264, 50,252
Dashed 448,514, 448,575, 421,575, 421,514
Dashed 448,484, 422,484
Dashed 443,239, 443,281, 424,281, 424,239, 443,239
Arrow 371,408, 389,408
Arrow 388,372, 371,372
Arrow 246,360, 246,335
Arrow 202,334, 202,360
Line 482,537, 482,575, 470,587, 463,587, 463,594, 483,594, 458,619, 458,614, 448,614, 448,626, 471,626
Line 471,637, 471,641, 403,641, 368,606, 375,599, 375,522
Line 461,536, 461,567, 452,567, 452,572, 452,559, 443,550, 426,550, 416,560, 416,575, 408,567, 391,584, 399,584, 403,588, 403,594, 394,603, 410,619, 415,614, 421,614, 421,628, 410,628, 388,606, 388,522
Line 472,512, 444,512, 444,519, 435,524, 426,519, 426,512, 398,512
Line 468,297, 454,297, 454,318, 445,318, 445,249, 453,220, 465,220, 465,136, 357,136, 357,119
Line 337,119, 337,181, 325,193
Line 340,208, 357,191, 357,163, 405,163, 405,220, 416,220, 416,249, 422,249, 422,317, 413,317, 413,297, 405,297

BrushColor C4C4C4
Polygon 422,512, 413,512, 413,457, 422,457
Polygon 448,512, 448,457, 458,457, 458,512
Polygon 359,312, 299,312, 299,302, 314,302, 314,284, 299,284, 299,274, 359,274
Stairs 343,205, 328,190, 352,196
Stairs 357,177, 337,177, 357,166
Stairs 337,133, 357,133, 337,124
Stairs 405,179, 465,179, 405,174

Stairs 407,413, 407,403, 419,413
Stairs 407,396, 407,385, 419,396
Stairs 407,378, 407,367, 419,378

Stairs 252,316, 239,316, 252,305
Stairs 231,316, 217,316, 231,305
Stairs 209,316, 195,316, 209,305

Stairs -64,280, -43,280, -64,336
Stairs 422,307, 445,307, 422,294

PenColor FF0000
Arrow 473,568, 473,542
Arrow 415,189, 415,162
Arrow -37,290, -37,252
Arrow 430,274, 430,249
Line -12,290, -37,290
PenColor 009900
Arrow 381,536, 381,563
Arrow 452,161, 452,189
Arrow 47,341, 9,341
Arrow -54,250, -54,276
Arrow 437,250, 437,273
Line -53,344, -53,357, -37,357
Arrow -37,357, -37,336
Line -37,310, -37,299
Arrow -37,299, -12,299

