size 664x903
Angle 70

BrushColor -1
PenColor F7782E
AngleTextOut 0,Arial,20,354,403, Калужская >>
AngleTextOut 0,Arial,20,196,214, << Коньково
AngleTextOut 0,Arial,25,279,308, Беляево, 1
PenColor 00AFAF
AngleTextOut 0,Arial,15,277,521, Профсоюзная улица
AngleTextOut -90,Arial,15,342,599, улица Миклухо-Маклая
PenColor 0

BrushColor FC9C54
Polygon 187,242, 463,242, 463,276, 187,276, 
Polygon 187,367, 463,367, 463,401, 187,401, 

BrushColor 808080
Polygon 463,242, 463,286, 563,286, 563,242, 
Polygon 187,242, 133,242, 133,284, 187,284, 
Polygon 187,401, 133,401, 133,359, 187,359, 
Polygon 463,401, 463,357, 563,357, 563,401, 
Polygon 25,273, 57,273, 57,370, 25,370, 
Polygon 646,273, 678,273, 678,370, 646,370, 
Line 563,242, 708,242, 708,446, 789,446, 
Line 787,480, 708,480, 708,584, 785,584, 
Line 787,618, 599,618, 
Line 599,584, 679,584, 679,479, 601,479, 
Line 601,446, 679,446, 679,401, 563,401, 
Line 133,242, -5,242, -5,446, -67,446, 
Line -67,480, -4,480, -4,584, -67,584, 
Line -67,618, 105,618, 
Line 105,584, 25,584, 25,479, 103,479, 
Line 103,446, 25,446, 25,401, 133,401, 
Dashed 480,286, 480,357, 
Dashed 563,286, 563,357, 
Stairs 135,284, 135,359, 184,284, 
Stairs -67,446, -67,480, -11,446, 
Stairs 31,446, 31,479, 100,446, 
Stairs -64,584, -64,618, -9,584, 
Stairs 33,584, 33,617, 102,584, 
Stairs 604,446, 604,479, 674,447, 
Stairs 602,584, 602,618, 671,584, 
Stairs 713,584, 713,618, 782,584, 
Stairs 715,446, 715,480, 785,446, 

PenColor FF0000
Arrow 642,254, 685,254, 
Arrow 430,302, 454,302, 
Arrow 199,302, 121,302, 
Arrow 60,254, 21,254, 
PenColor 009900
Arrow 680,387, 641,387, 
Arrow 454,340, 430,340, 
Arrow 129,341, 194,341, 
Arrow 24,388, 63,388, 

