Size 998x936

BrushColor -1
PenColor 040464
TextOut Arial, 12, 604, 892, Схема станции метро "Белорусская", 5
SpotRect 604, 892, 200, 15, LoadVec Belorusskaya.vec
PenColor 000000

BrushColor E0E0E0
PenColor E0E0E0
Polygon 117,530, 207,465, 294,395, 387,318, 454,260, 514,208, 505,198, 550,155, 560,165, 620,107, 633,120, 652,101, 652,92, 697,47, 707,55, 639,124, 578,184, 533,227, 472,282, 401,344, 308,421, 224,484, 134,551
Polygon 150,572, 239,506, 323,443, 418,363, 490,300, 551,246, 598,202, 658,142, 727,72, 741,85, 675,157, 615,220, 567,269, 509,325, 436,390, 340,470, 255,532, 165,593
Polygon 181,613, 269,552, 356,488, 453,408, 527,342, 585,287, 633,237, 697,170, 760,102, 779,119, 716,190, 658,251, 615,295, 587,319, 584,340, 574,347, 573,365, 584,374, 583,381, 593,401, 590,408, 600,429, 606,426, 678,568, 266,779, 255,757, 549,607, 538,586, 244,735, 232,713, 526,564, 515,542, 222,692, 211,670, 505,520, 493,498, 199,648, 190,630
PenColor A0A0A0
Stairs 615,191, 624,200, 608,198

BrushColor 84FE83
PenColor 84FE83
Polygon 682,227, 703,203, 777,270, 755,294
Polygon 574,347, 609,349, 612,342, 626,332, 644,334, 655,343, 656,353, 691,356, 689,375, 653,372, 644,377, 644,377, 650,389, 658,385, 673,415, 622,441, 611,419, 598,425, 590,408, 630,387, 617,381, 611,374, 608,368, 573,365
Polygon 658,529, 643,499, 731,454, 746,483

BrushColor 24E019
PenColor 24E019
Stairs 723,222, 702,246, 732,229
PenColor 000000
Polygon 551,634, 635,591, 659,638, 621,657, 648,710, 708,680, 722,707, 807,664, 832,713, 641,810
Polygon 690,623, 665,574, 678,568, 658,528, 746,483, 755,500, 740,507, 777,578
Polygon 598,425, 600,429, 606,426, 643,499, 731,454, 724,440, 710,447, 677,383, 688,384, 689,375, 653,372, 644,377, 650,389, 658,385, 673,415, 622,441, 611,419
Polygon 590,408, 630,387, 629,384, 620,381, 613,375, 608,367, 573,365, 572,373, 584,374, 583,381, 584,387, 593,401, 588,404
Polygon 574,347, 609,349, 614,342, 622,336, 634,334, 644,337, 652,344, 656,353, 691,356, 692,348, 683,347, 683,347, 732,295, 744,306, 755,294, 682,227, 636,272, 587,319, 584,340, 575,339
Polygon 703,203, 770,129, 833,186, 780,245, 791,254, 777,270

PenColor 000000
Railway 6, 9, 3, 132,557, 227,488, 311,424, 404,347, 475,286, 536,231, 582,187, 642,128, 716,52
Railway 6, 9, 3, 139,565, 234,497, 319,432, 411,356, 482,294, 544,238, 591,194, 650,135, 724,60
Railway 6, 9, 3, 161,602, 257,535, 342,472, 439,393, 512,328, 570,272, 618,223, 678,160, 748,82
Railway 6, 9, 3, 168,610, 263,544, 350,479, 446,401, 520,335, 578,279, 626,230, 686,167, 756,89
Railway 6, 9, 3, 195,655, 493,503
Railway 6, 9, 3, 200,665, 498,513
Railway 6, 9, 3, 218,698, 515,547
Railway 6, 9, 3, 223,708, 519,557
Railway 6, 9, 3, 240,742, 537,590
Railway 6, 9, 3, 245,752, 542,600

BrushColor FFFFFF
PenColor FFFFFF
Polygon 324,379, 410,306, 417,314, 385,341, 417,379, 449,352, 455,360, 423,387, 468,441, 500,414, 506,421, 464,456, 455,447, 412,484, 405,476, 438,448, 402,405, 369,433, 362,425, 395,397, 363,359, 330,386
Polygon 350,516, 385,491, 399,511, 364,536
Polygon 532,417, 550,402, 524,372, 507,387
Polygon 572,369, 565,369, 567,343, 574,343
Polygon 720,194, 772,137, 827,187, 775,243
PenColor 000000
Line 324,379, 410,306
Line 330,386, 363,359, 395,397, 362,425
Line 369,433, 402,405, 438,448, 405,476
Line 412,484, 455,447, 464,456, 506,421
Line 500,414, 468,441, 423,387, 455,360
Line 449,352, 417,379, 385,341, 417,314
Line 540,391, 532,381
Line 529,377, 524,372
Line 507,387, 511,392
Line 515,397, 523,406
Line 527,411, 532,417
Line 744,192, 785,147
Line 779,225, 786,231, 775,243, 720,194, 772,137
Line 785,217, 792,224, 796,220, 783,209, 787,204, 800,216, 827,187, 790,153, 784,160
Line 523,283, 551,255, 561,265, 533,293
Stairs 731,454, 746,483, 714,463
Dashed 617,431, 668,405
Line 601,109, 609,117
Dashed 609,117, 703,203
Line 581,132, 587,138
Dashed 587,138, 629,177, 551,255
Dashed 561,265, 638,186, 682,227

Dashed 808,206, 784,185, 791,177, 814,199
Spline 782,187, 794,195, 802,194, 802,186, 793,175

PenColor 000000
Line 190,630, 359,528
Line 357,511, 350,516, 364,536, 371,531
Line 363,507, 370,502
Line 378,526, 385,521
Line 378,496, 385,491, 399,511, 392,516
Line 395,505, 454,455, 468,470, 550,402, 544,396
Spline 507,387, 587,319, 636,272, 694,213, 779,119
Line 779,119, 760,102
Spline 760,102, 693,173, 633,237, 555,316, 447,414
Spline 425,433, 356,487, 269,552, 180,613
Line 576,20, 594,38, 594,43, 580,57
Line 560,55, 560,62, 546,69, 540,65
Line 584,61, 588,65
Line 609,20, 637,48, 672,23, 672,21
Line 592,70, 605,57, 614,57, 629,72, 629,90, 616,103, 620,107, 560,165, 550,155, 505,198, 514,208, 415,293, 264,419, 117,530, 133,550
Spline 133,550, 204,500, 308,421, 372,368
Spline 394,349, 472,282, 533,227, 578,184, 639,124, 707,55
Line 707,55, 697,47, 652,92
Line 630,117, 633,120, 652,101, 652,62, 650,59, 683,33, 691,34
Line 625,110, 627,112
Line 635,97, 638,100
Line 642,103, 645,106
Line 685,38, 699,38, 789,118, 774,134
Line 701,22, 975,269
Line 799,22, 975,181
Line 822,22, 976,160
Line 787,144, 800,129, 943,257, 943,269
Line 872,194, 741,340
Spline 741,340, 732,354, 728,373, 729,389, 732,404
Line 732,404, 978,888, 931,912
Line 916,877, 839,916, 811,862, 888,823, 832,713
Line 886,839, 903,872
Line 975,718, 949,668, 969,618
Line 932,552, 913,600, 821,418
Spline 821,418, 815,396, 813,374, 820,351, 834,329
Line 834,329, 880,279, 902,298
Line 918,236, 910,245, 931,264
Line 629,90, 632,93

Railway 17, 17, 5, 581,132, 558,132, 539,120, 529,100, 531,78
Railway 13, 13, 3, 597,89, 601,99, 601,111
PenColor FFFFFF
Polygon 593,72, 598,87, 593,102, 586,111, 579,109, 576,99, 581,79
PenColor 000000
Railway 13, 13, 3, 597,81, 597,91, 594,100, 588,109, 578,115
Spline 547,84, 550,78, 555,73, 565,69, 575,71, 581,76, 584,82
Spline 597,81, 595,75, 592,70
Spline 580,57, 564,54, 548,59, 537,68, 531,78

Spline 388,389, 319,445, 241,505, 149,572
Line 149,572, 165,594
Spline 165,594, 255,532, 341,468, 409,414
Spline 410,371, 489,302, 551,246, 598,202, 658,143, 727,72
Line 727,72, 741,85
Spline 741,85, 675,157, 615,220, 567,269, 509,325, 431,394
Line 190,630, 199,648, 493,498, 505,520, 211,670, 222,692, 515,542, 526,564, 232,713, 244,735, 538,586, 549,607, 255,757, 266,779, 551,634
Line 180,613, 190,630
Line 873,838, 842,853, 834,879, 847,904, 857,899, 852,889, 857,886, 874,892, 891,883
Line 878,846, 850,860, 845,876, 847,880, 852,878, 850,874, 854,862, 860,859, 863,866, 868,863, 875,865, 878,871, 876,877, 870,880, 872,884, 886,877
Dashed 889,870, 870,880, 863,866, 882,856

Line 781,266, 788,272
Line 751,298, 757,304
Stairs 781,266, 751,298, 788,272

Line 697,357, 691,356
Line 695,376, 689,375
Stairs 697,357, 695,376, 691,356

Line 590,408, 584,411
Line 598,425, 593,428
Stairs 584,411, 593,428, 590,408

Line 574,343, 567,343
Line 572,369, 565,369
Stairs 629,79, 652,79, 629,85
Stairs 324,379, 330,386, 332,373
Stairs 337,368, 343,375, 344,362
Stairs 355,365, 349,358, 363,359
Stairs 385,341, 378,333, 391,335
Stairs 390,323, 397,331, 397,317
Stairs 417,314, 410,306, 409,321
Stairs 362,425, 369,433, 370,419
Stairs 376,413, 383,422, 382,408
Stairs 395,397, 402,405, 387,404
Stairs 417,379, 423,387, 424,374
Stairs 429,369, 436,377, 437,362
Stairs 449,352, 455,360, 442,358
Stairs 405,476, 412,484, 412,470
Stairs 418,465, 425,473, 425,459
Stairs 431,454, 438,462, 438,448
Stairs 500,414, 506,421, 493,420
Stairs 487,425, 493,432, 479,431
Stairs 475,435, 481,442, 468,441
Stairs 739,176, 750,186, 765,147
Stairs 523,283, 533,293, 546,261
Stairs 565,369, 567,343, 572,369

PenColor FF0000
Arrow 744,651, 789,651
Arrow 792,602, 806,629
Arrow 877,886, 888,880
Arrow 661,368, 679,369
Arrow 742,267, 754,278
Line 789,178, 775,165, 795,143
Arrow 795,143, 811,157
Line 782,103, 801,120
Arrow 801,120, 793,129
Arrow 648,50, 664,38
Arrow 593,64, 586,71
Spline 591,86, 589,97, 583,105, 573,107, 565,100, 565,91, 570,86
Arrow 570,86, 579,85
Line 595,99, 595,111
Arrow 595,111, 601,120
Line 629,188, 642,175
Arrow 642,175, 636,169
Arrow 642,175, 649,181
Arrow 524,292, 538,278
Arrow 357,504, 364,514
Arrow 370,494, 377,504
Arrow 370,523, 377,533
Arrow 384,513, 391,523
Arrow 626,118, 635,109
Arrow 637,105, 645,97

PenColor 009900
Arrow 534,376, 526,383
Arrow 545,391, 539,397
Arrow 516,391, 507,398
Arrow 529,405, 520,413
Spline 584,123, 565,125, 548,117, 539,103, 538,86
Arrow 538,86, 543,74
Arrow 579,62, 585,56
Arrow 787,135, 773,150
Line 742,184, 735,192, 744,200
Arrow 744,200, 755,187
Line 765,176, 771,169
Arrow 771,169, 785,182
Arrow 796,234, 775,215
Arrow 761,269, 749,258
Arrow 679,361, 661,360
Arrow 788,637, 744,637
Arrow 821,620, 808,593
Arrow 869,845, 857,851
Arrow 638,91, 630,99
Arrow 628,104, 620,112

BrushColor -1
PenColor 000000
AngleTextOut 35, Arial, 15, 20, 687, Савеловский вокзал, 1
AngleTextOut 35, Arial, 15, 35, 692, и пл. Савеловская >>, 1
AngleTextOut 35, Arial, 15, 64, 605, << Беговая, 1
AngleTextOut -63, Arial, 15, 188, 665, поезда дальнего
AngleTextOut -63, Arial, 15, 179, 686, следования
AngleTextOut 28, Arial, 10, 629, 423, кассы
AngleTextOut 26, Arial, 10, 532, 55, кассы

BrushColor -1
PenColor 047C54
AngleTextOut 0, Arial, 25, 826, 157, м.Белорусская, 1
PenColor 24E019
AngleTextOut 90, Arial, 25, 770, 536, Белорусский вокзал, 1
PenColor 543C04
AngleTextOut 0, Arial, 25, 647, 860, м.Белорусская, 1
PenColor 00AFAF
AngleTextOut -40, Arial, 15, 774, 38, 1-я Тверская-Ямская

BrushColor FFFF00

Opaque 50

