size 644x621
Angle 3

Railway 6,9,4, 254,483, 254,16, 1
Railway 6,9,4, 266,483, 266,17, 1
Railway 6,9,4, 260,491, 260,596, 1
Railway 6,9,4, 272,491, 272,597, 1

Line 551,32, 578,403, 
Line 569,33, 612,613, 
Spline 578,403, 550,462, 531,504, 525,555, 537,608, 
Line 100,9, 100,109, 57,311, 
Line 115,10, 115,110, 88,231, 117,299, 117,591, 
Line 17,356, 17,463, 
Line 75,294, 75,441, 
Line 98,294, 98,441, 
Line 99,536, 99,590, 
Line 78,271, 83,252, 90,270, 
Spline 75,441, 80,451, 93,451, 98,441, 
Spline 75,294, 80,284, 93,284, 98,294, 
Spline 78,271, 84,268, 90,270, 
Spline 17,356, 22,337, 37,323, 57,311, 
Spline 17,463, 20,479, 31,490, 55,496, 74,499, 89,508, 96,523, 99,536, 

Line 117,543, 193,437, 117,403, 1
Line 117,395, 202,432, 232,432, 1
Line 109,280, 220,224, 223,224, 1
Line 223,217, 219,217, 106,274, 1
Line 115,54, 189,54, 220,77, 239,77, 239,128, 1
Line 247,128, 247,59, 283,59, 283,74, 1
Line 292,74, 292,50, 239,50, 239,68, 226,68, 192,43, 115,43, 1

Stairs 239,128, 247,128, 239,116, 1
Stairs 292,74, 283,74, 292,59, 1

Stairs 457,491, 457,483, 447,491, 1
Stairs 441,491, 441,483, 431,491, 1
Stairs 425,491, 425,483, 415,491, 1

Stairs 232,444, 240,444, 232,453, 1
Stairs 232,459, 240,459, 232,468, 1
Stairs 232,474, 240,474, 232,483, 1
Stairs 291,444, 284,444, 291,453, 1
Stairs 291,459, 284,459, 291,468, 1
Stairs 291,483, 284,483, 291,474, 1
Stairs 232,432, 232,441, 222,432, 1

BrushColor C0C0C0
PenColor C0C0C0
Polygon 276,74, 299,74, 299,476, 291,476, 291,444, 284,444, 284,476, 276,476, 
Polygon 236,128, 250,128, 250,483, 240,483, 240,444, 232,444, 232,432, 237,432, 237,313, 227,313, 227,224, 223,224, 223,217, 227,217, 227,213, 236,213, 
Polygon 250,491, 241,491, 241,517, 250,517, 
PenColor 0
Line 540,483, 291,483, 291,444, 1
Line 284,444, 284,483, 240,483, 240,444, 1
Line 284,476, 276,476, 276,74, 283,74, 
Line 536,491, 232,491, 232,441, 203,441, 117,561, 1
Line 292,74, 299,74, 299,476, 291,476, 
Line 247,128, 250,128, 250,483, 
Line 232,444, 232,441, 
Line 232,432, 237,432, 237,313, 227,313, 227,224, 223,224, 
Line 241,491, 241,517, 250,517, 250,491, 
Line 223,217, 227,217, 227,213, 236,213, 236,128, 239,128, 

BrushColor 808080
Polygon 279,304, 296,304, 296,370, 279,370, 
Polygon 230,216, 247,216, 247,310, 230,310, 

BrushColor -1
PenColor FFFFFF
AngleTextOut -90, Arial, 15,249,243, Кассы
PenColor 0
AngleTextOut -90,Arial, 25,335,210, Бескудниково
AngleTextOut -90,Arial, 15,321,77, << Лианозово
AngleTextOut -90,Arial, 15,238,336, Дегунино >>

PenColor 00AFAF
AngleTextOut -85,Arial, 15,583,199, Путевой проезд
AngleTextOut -90,Arial, 15,119,462, Керамический проезд

BrushColor FFFF
