size 921x706
Angle -45

BrushColor -1
PenColor 4C4C4C
AngleTextOut 0,Arial,20,264,254, << Алтуфьево
AngleTextOut 0,Arial,20,438,445, Отрадное >>
AngleTextOut 0,Arial,25,347,353, Бибирево, 1
PenColor 00AFAF
AngleTextOut 90,Arial,15,662,48, улица Плещеева
AngleTextOut 90,Arial,15,668,616, Бибиревская улица
AngleTextOut 0,Arial,15,349,567, Костромская улица
AngleTextOut 0,Arial,15,345,37, улица Пришвина
PenColor 0

BrushColor 9CA4A4
Polygon 262,284, 549,284, 549,318, 262,318, 
Polygon 262,409, 549,409, 549,443, 262,443, 

BrushColor 808080
Polygon 549,443, 549,401, 655,401, 655,443, 
Polygon 549,284, 549,326, 656,326, 656,284, 
Polygon 262,284, 262,326, 201,326, 201,284, 
Polygon 262,443, 262,401, 201,401, 201,443, 
Polygon 737,315, 758,315, 758,412, 737,412, 
Polygon 87,315, 108,315, 108,412, 87,412, 
Polygon 549,357, 646,357, 646,363, 549,363, 
Line 656,284, 776,284, 776,206, 737,206, 737,268, 
Line 715,268, 715,206, 602,206, 602,268, 
Line 580,268, 580,126, 
Line 602,126, 602,180, 716,180, 716,126, 
Line 737,126, 737,180, 799,180, 799,284, 828,284, 828,443, 655,443, 
Line 201,284, 58,284, 58,490, -4,490, 
Line 201,443, 84,443, 84,490, 138,490, 
Line 138,512, -4,512, 
Dashed 574,326, 574,356, 
Dashed 646,357, 646,327, 
Stairs 0,490, 0,512, 44,490, 
Stairs 90,490, 90,512, 134,490, 
Stairs 203,326, 203,401, 223,326, 
Stairs 240,326, 240,401, 260,326, 
Stairs 566,363, 566,401, 631,363, 
Stairs 580,264, 602,264, 580,220, 
Stairs 581,174, 602,174, 580,130, 
Stairs 716,174, 737,174, 716,130, 
Stairs 715,219, 737,219, 715,265, 
Stairs 776,217, 799,217, 776,233, 

PenColor FF0000
Arrow 735,299, 762,299, 
Arrow 542,343, 568,343, 
Arrow 112,299, 84,299, 
PenColor 009900
Arrow 760,427, 732,427, 
Arrow 599,380, 558,380, 
Arrow 86,427, 114,427, 

