Size 920x620

PenColor FF0000
Arrow 535,172, 535,195
Arrow 526,311, 526,284
Arrow 566,462, 566,479
Arrow 406,506, 425,506
Arrow 566,180, 566,165
Arrow 684,186, 684,150
Arrow 671,142, 671,165
Dashed 543,186, 684,186
Line 406,506, 406,512, 423,512

Line 364,145, 364,175
Line 364,188, 364,220, 348,220
Arrow 348,220, 348,193

Arrow 442,110, 442,121
Arrow 87,126, 63,126
Arrow 465,191, 436,191

Arrow 270,544, 283,544
Arrow 270,560, 283,560
Arrow 396,529, 432,529

PenColor 009900
Arrow 572,479, 572,462
Arrow 423,521, 406,521
Arrow 571,165, 571,180
Arrow 539,130, 539,156
Arrow 503,182, 521,182
Arrow 675,165, 675,140
Arrow 619,137, 619,162
Arrow 500,162, 501,180
Arrow 626,94, 651,88
Dashed 619,162, 500,162
Dashed 651,88, 651,74, 529,74, 529,125
Line 406,521, 406,515
Arrow 406,515, 425,515

Line 372,188, 372,220, 387,220, 387,195
Arrow 372,175, 372,145

Arrow 446,121, 446,110
Arrow 63,187, 87,187

Arrow 283,454, 270,454
Arrow 283,471, 270,471
Arrow 432,497, 396,497

BrushColor -1
PenColor E41C0C
AngleTextOut 90, Arial, 15, 533, 484, << Кропоткинская
AngleTextOut 90, Arial, 15, 589, 295, Охотный ряд >>
AngleTextOut 90, Arial, 20, 622, 478, Библиотека им.Ленина, 1
PenColor 4C4C4C
AngleTextOut 90, Arial, 15, 285, 342, Чеховская >>
AngleTextOut 90, Arial, 15, 194, 592, << Полянка
AngleTextOut 90, Arial, 20, 229, 499, Боровицкая, 1
PenColor 00AFAF
AngleTextOut 90, Arial, 15, 890, 163, Александровский сад
AngleTextOut 0, Arial, 15, 165, 30, улица Воздвиженка
AngleTextOut 90, Arial, 15, 5, 246, Арбатская площадь
AngleTextOut 90, Arial, 15, 317, 431, Российская
AngleTextOut 90, Arial, 15, 332, 431, Государственная
AngleTextOut 90, Arial, 15, 347, 431, библиотека
AngleTextOut 75, Arial, 15, 678, 300, Моховая улица
AngleTextOut 75, Arial, 15, 759, 332, Манежная улица
PenColor 000000

Stairs 744,102, 744,83, 757,102
Stairs 790,38, 799,38, 790,60
Stairs 678,51, 678,34, 684,51
Stairs 663,72, 678,72, 663,66
Stairs 652,80, 655,94, 625,86
Stairs 625,118, 612,118, 625,107
Stairs 625,157, 612,157, 625,144
Stairs 668,145, 678,145, 668,158
Stairs 689,167, 678,167, 689,154
Stairs 869,79, 869,112, 863,79
Stairs 848,113, 837,113, 848,150
Stairs 369,63, 369,53, 388,63
Stairs 432,63, 432,52, 412,63
Stairs 484,79, 484,67, 501,79
Stairs 415,117, 415,129, 435,117
Stairs 449,117, 449,130, 459,117
Stairs 484,105, 484,117, 494,105
Stairs 358,164, 379,164, 358,153
Stairs 358,164, 358,175, 352,164
Stairs 379,164, 379,175, 383,164
Stairs 360,201, 360,188, 354,201
Stairs 376,201, 376,188, 382,201
Stairs 354,213, 343,213, 354,201
Stairs 382,213, 392,213, 382,201
Stairs 389,265, 375,265, 389,258
Stairs 575,169, 562,169, 575,190
Stairs 566,329, 572,329, 566,338
Stairs 566,369, 572,369, 566,360
Stairs 504,168, 497,168, 504,177
Stairs 507,177, 507,186, 516,177
Stairs 530,175, 546,175, 530,191
Stairs 519,131, 519,121, 532,131
Stairs 562,466, 576,466, 562,485
Stairs 484,517, 484,541, 492,517
Stairs 443,518, 443,509, 431,518
Stairs 419,524, 419,503, 408,524
Stairs 427,424, 427,414, 443,424
Stairs 268,565, 268,555, 255,565
Stairs 268,549, 268,539, 255,549
Stairs 268,476, 268,466, 255,476
Stairs 268,459, 268,450, 255,459
Stairs 229,175, 237,175, 229,162
Stairs 243,175, 251,175, 243,162
Stairs 257,175, 265,175, 257,162
Stairs 362,130, 366,123, 371,135

BrushColor 2C7CAC
Polygon 199,79, 199,105, 388,105, 388,79
Polygon 412,79, 412,105, 484,105, 484,79
Line 199,79, 199,67, 358,67, 358,52, 441,52, 441,67, 515,67, 515,148, 535,148, 535,134, 532,131, 519,131
Line 519,121, 539,121, 542,124, 542,148, 586,148, 586,190
Line 552,190, 552,167, 539,167, 539,192
Line 546,172, 546,199, 530,199
Line 484,79, 508,79, 508,148, 502,148, 502,105, 484,105
Line 199,105, 199,116, 348,116, 348,120, 342,120, 342,128, 357,128, 375,137, 375,141, 344,141, 344,175, 392,175, 392,164, 379,164, 379,154, 388,154, 424,197, 478,197, 478,176, 488,176, 488,165, 521,165, 521,177, 504,177, 504,168
Line 350,160, 350,153, 358,153, 358,164, 344,164
Line 388,105, 388,116, 379,130, 362,120, 356,120, 356,116, 388,116
Line 412,105, 412,117, 439,117
Line 449,117, 496,117, 496,148, 487,148, 487,137, 478,137, 478,117
Line 388,80, 388,63, 369,63, 369,67, 388,67
Line 412,79, 412,63, 432,63, 432,67, 412,67
Line 463,130, 463,139, 447,139, 447,148, 439,154, 439,160, 447,166, 447,175, 463,175, 463,184, 431,184, 400,149, 411,130, 463,130
Line 343,232, 343,188, 392,188, 392,265, 348,265
Line 382,213, 382,201, 376,201
Line 354,201, 354,201, 354,213
Line 530,170, 530,322, 534,322, 534,335, 540,338, 566,338, 566,329
Line 572,329, 572,369
Line 566,369, 566,360, 531,360, 517,346, 517,322, 521,322, 521,186, 500,186, 497,183, 497,168
Line 377,391, 377,442, 448,442, 448,459, 484,459, 484,378, 402,378
Line 427,409, 390,409, 386,404, 383,412, 382,420, 383,428, 386,435, 390,430, 427,430
Line 420,430, 420,409
Line 452,388, 452,392, 415,392, 420,390, 422,385, 420,380, 415,378
Line 562,466, 562,522, 503,522, 503,517, 484,517, 484,475, 434,475, 439,478, 441,483, 439,488, 434,491
Line 459,475, 453,478, 451,483, 453,488, 459,491, 379,491, 379,503, 374,503, 367,510, 366,514, 367,518, 374,525, 379,525, 379,534, 446,534, 446,541, 503,541, 503,535, 579,535, 579,522, 576,522, 576,466
Line 443,509, 431,509, 431,503, 402,503, 402,524, 431,524, 431,518, 443,518
Line 408,509, 419,509
Line 408,518, 419,518
Line 260,565, 260,570, 255,570, 255,565, 287,565, 287,572, 304,572, 304,525, 319,525, 328,518, 330,514, 328,510, 319,503, 304,503, 304,440, 287,440, 287,450, 255,450, 255,445, 260,445, 260,450
Line 255,466, 255,459, 287,459, 287,466, 255,466
Line 565,353, 565,346, 536,346, 528,340, 528,336, 523,336, 523,345, 533,353, 565,353
Line 256,334, 256,326, 254,326, 254,213, 265,202, 265,162
Line 229,162, 229,203, 240,214, 240,326, 238,326, 238,334
Line 257,162, 257,200, 251,206, 251,162
Line 243,162, 243,206, 237,200, 237,162
Line 54,90, 54,121, 93,121, 93,142, 103,142, 103,149, 107,152, 108,157, 107,162, 103,165, 103,172, 93,172, 93,192, 36,192, 36,90
Line 612,168, 612,100, 617,88, 652,80, 663,80, 663,34, 691,34, 698,28, 717,28, 717,51, 678,51, 678,83, 790,83, 790,38
Line 799,38, 799,87, 837,87, 840,78, 848,78, 855,70, 855,44
Line 863,44, 863,79, 869,79
Line 869,112, 848,112, 848,163
Line 837,163, 837,105, 787,105, 787,102, 689,102, 689,167
Line 678,167, 678,145
Line 668,162, 668,145, 661,142, 652,142, 652,157, 625,157, 625,144
Line 625,118, 625,107, 653,100, 653,117, 659,117, 659,94, 630,101
Line 268,596, 228,596
Line 255,476, 287,476, 287,539, 255,539
Line 255,549, 287,549, 287,555, 255,555, 255,549
Line 465,443, 465,459
Line 228,250, 239,250
Line 255,250, 268,250
Line 575,169, 575,190, 562,190, 562,169

Dashed 199,92, 484,92
Dashed 309,525, 309,503, 390,503, 390,525, 309,525
Dashed 434,491, 434,475
Dashed 459,491, 459,475
Dashed 415,392, 415,378
Dashed 240,312, 254,312
Dashed 240,235, 254,235
Dashed 552,486, 586,486, 586,515, 552,515, 552,486
Dashed 316,166, 316,149, 462,149, 462,166, 316,166
Dashed 124,165, 124,149, 93,149, 93,165, 124,165

Spline 240,240, 247,247, 254,240
Spline 240,304, 247,297, 254,304
Spline 124,165, 118,157, 124,149

BrushColor 34349C
Polygon 124,125, 124,139, 316,139, 316,125
Polygon 124,175, 124,189, 229,189, 229,175
Polygon 237,175, 243,175, 243,189, 237,189
Polygon 251,175, 257,175, 257,189, 251,189
Polygon 265,175, 265,189, 316,189, 316,175

BrushColor 9CA4A4
Polygon 213,250, 228,250, 228,596, 213,596
Polygon 268,565, 283,565, 283,596, 268,596
Polygon 268,549, 268,555, 283,555, 283,549
Polygon 268,476, 283,476, 283,539, 268,539
Polygon 268,459, 268,466, 283,466, 283,459
Polygon 268,450, 283,450, 283,250, 268,250

BrushColor E41C0C
Polygon 575,190, 586,190, 586,466, 576,466
Polygon 562,466, 551,466, 551,360, 562,360
Polygon 551,346, 551,353, 562,353, 562,346
Polygon 552,338, 562,338, 562,190, 552,190

BrushColor 808080
Polygon 452,378, 452,388, 472,388, 472,378
Polygon 377,378, 377,391, 402,391, 402,378
Polygon 459,401, 459,413, 472,413, 472,401
Polygon 459,431, 459,443, 472,443, 472,431
Polygon 427,409, 427,414, 443,414, 443,409
Polygon 427,424, 427,430, 443,430, 443,424
Polygon 365,265, 365,258, 375,258, 375,265
Polygon 392,258, 389,258, 389,265, 392,265
Polygon 392,242, 388,242, 388,232, 392,232
Polygon 380,242, 373,242, 373,232, 380,232
Polygon 348,265, 348,243, 358,243, 358,248, 362,248, 362,232, 343,232, 343,265
Polygon 257,596, 239,596, 239,576, 257,576
Polygon 124,175, 124,165, 135,165, 135,175
Polygon 124,139, 124,149, 135,149, 135,139
Polygon 292,139, 316,139, 316,149, 292,149
Polygon 316,175, 316,166, 292,166, 292,175
Polygon 54,172, 66,172, 77,180, 81,180, 81,174, 77,174, 69,167, 69,146, 78,138, 82,138, 82,131, 78,131, 67,140, 54,140

BrushColor -1
PenColor 2C7CAC
PenColor 000000
AngleTextOut 0, Arial, 15, 202, 85, << Арбатская
AngleTextOut 0, Arial, 20, 295, 84, Александровский сад, 1
PenColor FFFFFF
AngleTextOut 0, Arial, 15, 201, 84, << Арбатская
AngleTextOut 0, Arial, 20, 293, 83, Александровский сад, 1
PenColor 2C7CAC
AngleTextOut 0, Arial, 10, 227, 105, << в сторону Кунцевской
AngleTextOut 0, Arial, 10, 227, 67, << в сторону Международной

PenColor 34349C
AngleTextOut 0, Arial, 15, 102, 110, << Смоленская
AngleTextOut 0, Arial, 15, 79, 201, Площадь Революции >>
AngleTextOut 0, Arial, 20, 165, 144, Арбатская, 1

