Size 1170x1150

; пути
BrushColor FC9C54
Polygon 852,510, 864,515, 669,1011, 657,1006
Polygon 810,493, 821,498, 626,993, 614,989

; платформа
BrushColor C0C0C0
Polygon 821,498, 852,510, 657,1006, 651,1004, 648,1012, 630,1005, 634,996, 626,993

; Надписи
BrushColor -1
PenColor F7782E
AngleTextOut 70, Arial, 20, 843, 643, Свиблово >>
AngleTextOut 70, Arial, 20, 594, 953, << ВДНХ
AngleTextOut 70, Arial, 25, 699, 821, Ботанический сад, 1
PenColor 000000

; Лестницы
BrushColor 80FF80
Polygon 910,78, 910,96, 869,96, 869,78
Polygon 930,96, 930,78, 971,78, 971,96
Polygon 817,332, 817,355, 778,355, 778,332
Polygon 877,369, 900,379, 914,345, 890,336

; Переход
BrushColor D05080
Polygon 845,507, 830,501, 878,377, 874,375, 877,369, 900,379, 898,385, 894,383
Polygon 927,350, 951,286, 877,256, 930,114, 930,78, 910,78, 910,112, 828,332, 817,332, 817,355, 840,355, 871,274, 896,284, 878,331
;BrushColor -1
Ellipse 568,1008, 672,1111
Ellipse 573,1012, 667,1107
BrushColor FFFFFF
Polygon 904,294, 906,288, 935,300, 933,306

; Эскалатор
BrushColor 80FFFF
Polygon 630,1005, 648,1012, 634,1049, 616,1041

PenColor 000000
Line 933,306, 928,319, 923,319
Line 895,321, 890,336
Line 601,1051, 600,1049, 616,1041
Line 628,1047, 614,1079, 627,1105

; Стрелки
PenColor AF0000
Arrow 630,1087, 645,1122
Arrow 926,335, 944,289
PenColor 007000
Arrow 567,1082, 601,1067
Arrow 903,282, 896,300, 905,333

; Кассы
PenColor 000000
BrushColor F0A0B0
Polygon 878,331, 875,338, 887,343, 890,336
Polygon 609,1027, 603,1030, 597,1036, 594,1042, 590,1045, 576,1042, 580,1033, 586,1026, 592,1021, 599,1017, 606,1014
Polygon 660,1036, 649,1042, 651,1049, 651,1056, 650,1063, 652,1070, 663,1076, 665,1067, 666,1058, 665,1051, 663,1043
BrushColor -1
AngleTextOut 0, Arial, 15, 850, 335, кассы
AngleTextOut 45, Arial, 12, 578, 1034, кассы

; Турникеты на вход
PenColor 000000
BrushColor 0000FF
Polygon 895,323, 895,319, 923,317, 923,321
Polygon 599,1052, 603,1050, 615,1076, 611,1078
PenColor 0000FF
Line 896,284, 906,288
Line 894,290, 904,294
Line 569,1070, 577,1088
Line 574,1068, 582,1086

; Турникеты на выход
PenColor AF0000
Line 933,306, 942,310
Line 935,300, 944,304
Line 627,1105, 646,1098
Line 628,1109, 647,1102

; Надписи
BrushColor -1
PenColor 00AFAF
AngleTextOut 6, Arial, 15, 563, 136, проезд Серебрякова
AngleTextOut -4, Arial, 15, 14, 167, к Березовой аллее
AngleTextOut 90, Arial, 15, 1098, 111, Снежная улица
AngleTextOut -18, Arial, 15, 834, 789, улица Леонова
AngleTextOut -87, Arial, 15, 305, 844, улица Вильгельма Пика
AngleTextOut -70, Arial, 15, 110, 14, 1-й Ботанический пр-д
PenColor 707070
AngleTextOut -5, Arial, 15, 576, 410, Окружная ж.д.

Opaque 20

; Улицы
PenColor 80EFEF
Line -9,174, 165,190, 715,131, 1107,125, 1185,113, 20
Line 93,-5, 159,187, 255,289, 313,1158, 20
Line 255,289, 1095,283, 1107,125, 1109,-4, 20
Line 276,619, 1185,914, 20

PenColor 000000
Railway 10, 14, 4, -8,395, 453,428, 920,457, 1180,496

