Size 900x1150
Angle -30

BrushColor -1
AngleTextOut 0, Arial, 15, 401, 487, касса
AngleTextOut 0, Arial, 15, 508, 870, касса
AngleTextOut 0, Arial, 15, 612, 488, касса
PenColor 4C4C4C
AngleTextOut 90, Arial, 18, 562, 416, Аннино >>
AngleTextOut 90, Arial, 25, 636, 839, Бульвар Дмитрия Донского, 1
PenColor 2D69FC
AngleTextOut 90, Arial, 25, 370, 807, Улица Старокачаловская
AngleTextOut 90, Arial, 18, 420, 797, << Улица Скобелевская
AngleTextOut 90, Arial, 18, 606, 797, << Улица Скобелевская
PenColor 00AFAF
AngleTextOut 0, Arial, 15, 179, 120, ул. Знаменские Садки
AngleTextOut 0, Arial, 15, 550, 121, ул. Старокачаловская
AngleTextOut 0, Arial, 15, 404, 1177, ул. Грина
AngleTextOut 90, Arial, 15, 354, 165, Бульвар Дмитрия Донского
AngleTextOut 90, Arial, 15, 361, 1157, Бульвар Дмитрия Донского
PenColor 000000


BrushColor 9CA4A4
PenColor 9CA4A4
Polygon 564,799, 551,799, 551,354, 564,354
Polygon 484,799, 496,799, 496,354, 484,354
PenColor 000000

Line 593,541, 589,541, 589,573
Line 455,541, 459,541, 459,573
Line 459,824, 459,796
Line 589,824, 589,796
Line 607,828, 607,911, 675,911, 675,856
Line 702,856, 702,984

Line 675,984, 675,932, 607,932, 607,938, 441,938, 441,930, 218,930, 218,986

Line 190,986, 190,835
Line 218,835, 218,911, 399,911, 399,835
Line 420,835, 420,911, 441,911, 441,905
Line 441,879, 441,828
Line 441,541, 441,436, 473,436, 473,492, 483,492, 483,244, 411,244, 411,306
Line 389,306, 389,244, 270,244, 270,258, 218,258, 218,315
Line 189,315, 189,165
Line 218,165, 218,219, 480,219, 480,214, 568,214, 568,221, 587,221, 587,211, 609,211, 609,159
Line 636,159, 636,311
Line 609,311, 609,254, 587,254, 587,243, 564,243, 564,491, 575,491, 575,436, 607,436, 607,541
Line 540,320, 540,485, 533,485, 533,456
Line 507,320, 507,485, 514,485, 514,456
Dashed 484,354, 507,354
Dashed 540,354, 564,354
Dashed 496,354, 496,799
Dashed 551,354, 551,799
Dashed 484,799, 506,799
Dashed 541,799, 564,799
Stairs 609,311, 636,311, 609,254
Stairs 609,159, 636,159, 609,211
Stairs 411,306, 389,306, 411,244
Stairs 218,315, 189,315, 218,258
Stairs 218,165, 189,165, 218,219
Stairs 540,320, 507,320, 540,354
Stairs 533,456, 514,456, 533,485
Stairs 459,573, 475,573, 459,541
Stairs 514,544, 533,544, 514,573
Stairs 589,573, 573,573, 589,541
Stairs 589,824, 573,824, 589,796
Stairs 459,824, 475,824, 459,796
Stairs 512,806, 535,806, 512,776
Stairs 607,932, 607,911, 619,932
Stairs 675,856, 702,856, 675,911
Stairs 675,984, 702,984, 675,933
Stairs 420,835, 399,835, 420,887
Stairs 218,986, 190,986, 218,930
Stairs 218,835, 190,835, 218,887

Line 564,539, 573,539, 573,830, 564,830, 564,539
Line 475,539, 484,539, 484,830, 475,830, 475,539

BrushColor 8CBCFC
Polygon 593,541, 607,541, 607,806, 593,806
Polygon 441,541, 455,541, 455,806, 441,806
Line 512,776, 512,806, 506,806, 506,544, 514,544, 514,573
Line 533,573, 533,544, 541,544, 541,806, 535,806, 535,776

BrushColor 808080
Polygon 507,526, 541,526, 541,504, 507,504
Polygon 506,281, 541,281, 541,267, 544,267, 544,249, 503,249, 503,266, 506,266
Polygon 607,481, 597,481, 597,485, 593,485, 587,491, 607,511
Polygon 441,480, 449,480, 449,484, 453,484, 459,490, 441,508
Polygon 441,806, 459,806, 459,824, 455,828, 441,828
Polygon 607,806, 589,806, 589,824, 593,828, 607,828
Polygon 607,905, 590,905, 590,891, 594,887, 601,887, 607,880
Polygon 441,905, 459,905, 459,889, 455,885, 447,885, 441,879
Polygon 471,905, 471,886, 489,886, 489,905
Polygon 501,905, 501,887, 548,887, 548,905
Polygon 561,887, 578,887, 578,905, 561,905

Arrow 567,528, 587,528
Arrow 586,504, 567,504
Arrow 462,503, 481,503
Arrow 481,528, 462,528
PenColor FF0000
Arrow 493,249, 493,230
Arrow 584,905, 584,925
Arrow 464,904, 464,924
PenColor 009900
Arrow 556,230, 556,250
Arrow 555,924, 555,905
Arrow 495,923, 495,903

