Size 760x830
Angle 30

BrushColor -1
PenColor 5C9F2E
AngleTextOut 0, Arial, 30, 284, 277, Братиславская, 1
AngleTextOut 0, Arial, 20, 212, 194, << Марьино
AngleTextOut 0, Arial, 20, 440, 378, Люблино >>
PenColor 00AFAF
AngleTextOut 0, Arial, 15, 354, 459, ул.Перерва
AngleTextOut 0, Arial, 15, 356, 177, ТЦ БУМ
AngleTextOut 0, Arial, 15, 705, 181, 'к/т "Солярис"'
AngleTextOut -90, Arial, 15, 71, 563, Мячковский бульвар
AngleTextOut 0, Arial, 15, -14, 366, << Ашан
PenColor 000000
AngleTextOut -90, Arial, 12, 136, 277, кассы
AngleTextOut -90, Arial, 12, 654, 288, кассы

BrushColor 84BC54
Polygon 591,375, 193,375, 193,339, 591,339
Polygon 591,257, 193,256, 193,221, 591,221

BrushColor 808080
Polygon 122,270, 122,325, 106,325, 106,270
Polygon 667,270, 651,270, 651,326, 667,326

Line 732,547, 621,547

Line 732,522, 692,522, 692,375, 701,375, 701,221, 591,221

Line 193,221, 67,221, 67,375, 75,375, 75,403, 81,403, 81,521, -28,521
Line -28,546, 152,546
Line 152,521, 107,521, 107,440, 153,440, 153,424, 167,424, 167,418, 206,418
Line 206,393, 136,393, 136,415, 107,415, 107,375, 193,375
Line 591,375, 661,375, 661,415, 632,415, 632,393, 562,393
Line 562,418, 600,418, 600,424, 614,424, 614,440, 661,440, 661,521, 621,521

Line 591,340, 591,327
Line 591,256, 591,269
Line 595,269, 537,269
Line 595,327, 537,327
Line 193,339, 193,326
Line 193,256, 193,270
Line 248,270, 188,270
Line 248,326, 188,326
Line 122,270, 148,270, 148,293
Line 128,325, 122,325
Line 651,270, 645,270
Line 625,304, 625,326, 651,326
Dashed 660,326, 660,375
Dashed 663,270, 663,221
Dashed 110,325, 110,375
Dashed 110,270, 110,221

Stairs 732,522, 732,547, 699,522
Stairs 621,521, 621,547, 654,521
Stairs 562,393, 562,418, 595,393
Stairs 595,269, 595,327, 538,269
Stairs 188,270, 188,326, 245,270
Stairs 206,393, 206,418, 173,393
Stairs 152,521, 152,546, 118,521
Stairs 5,521, 5,546, -28,521
Spline 148,293, 135,302, 128,325
Spline 625,304, 637,296, 645,270

PenColor FF0000
Arrow 129,244, 96,244
Arrow 620,349, 654,349
PenColor 009900
Arrow 98,351, 129,351
Arrow 680,245, 644,245

