Size 830x710
Angle 30

BrushColor -1
PenColor 2D69FC
AngleTextOut 0, Arial, 26, 255, 370, Бульвар адмирала Ушакова, 1
AngleTextOut 0, Arial, 20, 444, 490, Улица Скобелевская >>
AngleTextOut 0, Arial, 20, 189, 256, << Улица Горчакова
PenColor 00AFAF
AngleTextOut -90, Arial, 15, 724, 315, Веневская улица
AngleTextOut 0, Arial, 15, 133, 560, Южнобутовская улица
AngleTextOut 0, Arial, 15, 132, 192, улица адмирала Лазарева
AngleTextOut 0, Arial, 15, 742, 250, Бульвар адмирала Ушакова
PenColor 000000
AngleTextOut 0, Arial, 15, 32, 460, Касса

BrushColor 8CBCFC
Polygon 186,318, 186,279, 649,279, 649,318
Polygon 186,493, 186,456, 649,456, 649,493

Line 186,318, 186,334, 225,334, 225,355
Line 145,355, 145,326, 115,326, 115,305, 100,305, 84,296, 75,280, 75,271, 15,271, 15,274
Line 15,322, 15,326, 69,326, 69,344, 15,344, 15,356
Line 15,402, 15,480, 79,480, 79,447, 145,447, 145,418
Line 225,418, 225,440, 186,440, 186,456
Line 132,355, 239,355
Line 132,418, 239,418
Line 649,318, 649,333, 611,333, 611,440, 649,440, 649,456

Dashed 132,355, 132,418
Dashed 239,355, 239,418
Dashed 15,456, 79,456

PenColor FF0000
Arrow 44,299, -1,299
PenColor 009900
Arrow -7,381, 38,381

