Size 930x550
Angle 30

BrushColor -1
PenColor 2D69FC
AngleTextOut 0, Arial, 28, 542, 307, Бунинская аллея, 1
AngleTextOut 0, Arial, 20, 706, 427, Улица Горчакова >>
AngleTextOut 0, Arial, 20, 424, 192, << тупик
PenColor 00AFAF
AngleTextOut -100, Arial, 15, 171, 208, Бунинская аллея
AngleTextOut 0, Arial, 15, 266, 452, Черневская улица
AngleTextOut 0, Arial, 15, 38, 140, улица Кадырова
PenColor 000000
AngleTextOut 0, Arial, 15, 267, 397, Касса

BrushColor 8CBCFC
Polygon 421,255, 421,216, 884,216, 884,255
Polygon 421,430, 421,393, 884,393, 884,430

Line 421,255, 421,271, 460,271, 460,292
Line 380,292, 380,263, 350,263, 350,242, 335,242, 319,233, 310,217, 310,208, 250,208, 250,211
Line 250,259, 250,263, 304,263, 304,281, 250,281, 250,293
Line 250,339, 250,417, 314,417, 314,384, 380,384, 380,355
Line 460,355, 460,377, 421,377, 421,393
Line 367,292, 474,292
Line 367,355, 474,355
Line 884,255, 884,270, 846,270, 846,377, 884,377, 884,393

Dashed 367,292, 367,355
Dashed 474,292, 474,355
Dashed 250,393, 314,393

PenColor FF0000
Arrow 279,236, 234,236
PenColor 009900
Arrow 228,318, 273,318

