Size 720x1090

Railway 10, 14, 6, 697,12, 697,1076
Railway 10, 14, 6, 665,12, 665,1076
Railway 10, 14, 6, 575,12, 575,1076
Railway 10, 14, 6, 542,12, 542,1076
Railway 10, 14, 6, 510,12, 510,1076
Railway 10, 14, 6, 462,12, 462,223, 463,376, 474,414, 494,440, 507,466, 510,501

PenColor 000000
BrushColor C0C0C0
Polygon 635,233, 635,838, 590,838, 590,233

BrushColor 808080
Polygon 600,373, 626,373, 626,490, 600,490

BrushColor FFFFFF
Polygon 604,571, 619,571, 619,617, 604,617
Polygon 604,646, 619,646, 619,692, 604,692

Line 624,838, 624,912, 465,912, 465,1076
Line 600,838, 600,888, 465,888, 465,495, 387,417, 387,12
Line 465,617, 450,617, 450,692
Line 625,233, 625,169, 422,169, 422,123
Line 601,233, 601,191, 422,191, 422,237
Line 399,123, 399,237
Line 619,571, 619,617
Line 604,571, 604,617
Line 619,646, 619,692
Line 604,646, 604,692

Dashed 465,617, 619,617, 619,646, 465,646
Stairs 624,838, 600,838, 624,862
Stairs 619,617, 604,617, 619,571
Stairs 604,646, 619,646, 604,692
Stairs 601,233, 625,233, 601,207
Stairs 448,169, 448,191, 428,169
Stairs 450,646, 465,646, 450,692

Line 417,945, 417,952
Line 417,778, 417,917
Line 278,952, 278,778
Line 420,917, 414,917
Line 420,945, 414,945
Line 417,911, 399,911, 396,914
Line 383,952, 383,927, 386,924
Line 398,916, 394,912
Line 388,926, 384,922
BrushColor C0C0C0
Polygon 417,952, 417,1065, 278,1065, 278,952
Polygon 417,713, 417,778, 278,778, 278,713
BrushColor FFFFFF
Polygon 406,763, 406,778, 391,778, 391,763
Polygon 372,763, 372,778, 358,778, 358,763
Polygon 336,763, 336,778, 322,778, 322,763
Polygon 301,763, 301,778, 286,778, 286,763

BrushColor C0C0C0
Ellipse 198,417, 413,632

Polygon 20,298, 286,298, 286,396, 154,396, 154,564, 183,618, 183,686, 75,686, 75,1076, 20,1076
Polygon 159,414, 179,414, 179,559, 209,613, 209,669, 188,669, 188,617, 159,563

BrushColor -1
PenColor FFFFFF
AngleTextOut 0, Arial, 15, 307, 715, Кассы
AngleTextOut 0, Arial, 15, 287, 727, пригородных
AngleTextOut 0, Arial, 15, 303, 740, поездов
Dashed 381,713, 381,778
AngleTextOut 0, Arial, 15, 388, 734, ж/д
AngleTextOut 0, Arial, 20, 293, 977, Зал ожидания
AngleTextOut 0, Arial, 20, 261, 513, Автовокзал
AngleTextOut -90, Arial, 20, 101, 361, Открытая автобусная стоянка
AngleTextOut -90, Arial, 12, 177, 417, Крытая автобусная стоянка
PenColor 000000
AngleTextOut -90, Arial, 20, 654, 13, << на Москву
AngleTextOut -90, Arial, 20, 599, 951, из Москвы >>

PenColor FF0000
Line 600,830, 624,836
Line 624,830, 600,836
;AngleTextOut 0, Arial, 25, 437, 62, ул. Горбунова
;AngleTextOut 0, Arial, 25, 243, 486, Барвихинская ул.
;AngleTextOut -30, Arial, 20, 932, 526, ул. Толбухина
