size 878x948
Angle -35

BrushColor -1
PenColor 4C4C4C
AngleTextOut 0,Arial,20,379,381, << Севастопольская
AngleTextOut 0,Arial,20,599,557, Южная >>
AngleTextOut 0,Arial,25,408,470, Чертановская, 1
PenColor 00AFAF
AngleTextOut 125,Arial,15,738,815, Чертановская улица
AngleTextOut 35,Arial,15,310,332, Балаклавский проспект
AngleTextOut 125,Arial,15,289,237, Симферопольский бульвар
PenColor 0

BrushColor 9CA4A4
Polygon 368,405, 686,405, 686,438, 368,438, 
Polygon 368,528, 686,528, 686,561, 368,561, 

BrushColor 808080
Polygon 152,519, 152,444, 177,444, 177,519, 

Line 686,438, 686,443, 655,443, 655,462, 696,462, 696,452, 731,452, 
Line 686,528, 686,523, 655,523, 655,503, 696,503, 696,513, 731,513, 
Line 758,393, 758,414, 907,414, 907,551, 758,551, 758,572, 
Line 831,452, 777,452, 777,513, 831,513, 
Line 368,438, 368,451, 258,451, 
Line 368,528, 368,514, 258,514, 
Line 273,514, 273,561, 152,561, 152,629, 533,629, 579,695, 
Line 552,713, 513,658, 476,658, 508,703, 
Line 494,711, 457,658, 423,658, 454,703, 
Line 441,712, 403,658, 349,658, 387,712, 
Line 350,734, 314,683, 304,683, 304,733, 
Line 95,733, 95,304, 64,304, 
Line 64,277, 165,277, 
Line 165,304, 128,304, 128,405, 274,405, 274,451, 
Dashed 347,452, 347,515, 
Dashed 258,451, 258,514, 
Dashed 777,452, 731,452, 731,513, 777,513, 
Dashed 831,513, 831,452, 
Spline 731,452, 738,483, 731,513, 
Spline 320,451, 313,483, 320,514, 
Spline 278,451, 284,483, 277,514, 
Stairs 67,277, 67,304, 93,277, 
Stairs 131,277, 131,304, 161,277, 
;Stairs 306,756, 341,756, 306,692, 
;Stairs 398,773, 414,777, 395,668, 
;Stairs 449,735, 468,735, 449,668, 
;Stairs 505,737, 525,737, 505,667, 

PenColor FF0000
Arrow 808,537, 780,537, 
Arrow 703,498, 720,498, 
Arrow 341,498, 330,498, 
Arrow 187,534, 152,534, 
PenColor 009900
Arrow 780,428, 808,428, 
Arrow 719,467, 702,467, 
Arrow 332,467, 343,467, 
Arrow 156,431, 191,431, 

