size 396x848
Angle 90

BrushColor -1
PenColor E41c0c
AngleTextOut 0,Arial,20,92,419, << Преображенская пл.
AngleTextOut 0,Arial,20,269,561, ул. Подбельского >>
AngleTextOut 0,Arial,25,186,488, Черкизовская, 1
PenColor 00AFAF
AngleTextOut -70,Arial,15,-207,413, ул. Большая Черкизовская
AngleTextOut 0,Arial,15,159,594, Окружной проезд
AngleTextOut 0,Arial,15,434,310, гостиница "Локомотив" >>
AngleTextOut 0,Arial,15,168,246, стадион "Локомотив"
PenColor 0

BrushColor E41c0c
Polygon 145,447, 366,446, 366,478, 145,478, 
Polygon 145,525, 366,525, 366,556, 145,555, 

BrushColor 808080
Polygon 489,525, 489,478, 512,478, 512,525, 
Polygon 92,523, 86,523, 86,480, 92,480, 
Polygon -5,412, -1,412, -1,429, -5,429, 
Polygon -28,412, -24,412, -24,429, -28,429, 
Polygon -48,430, -52,430, -52,412, -48,412, 
Polygon -53,542, -49,542, -49,559, -53,559, 
Polygon -30,542, -25,542, -25,560, -29,560, 
Polygon -5,542, -1,542, -1,560, -5,560, 

Line 366,461, 521,461, 521,403, 470,403, 
Line 469,373, 601,373, 
Line 602,403, 554,403, 554,461, 559,461, 559,542, 367,542, 
Line 420,542, 420,517, 366,517, 
Line 366,486, 420,486, 420,461, 
Line 366,478, 366,525, 
Line 145,482, 106,482, 106,487, 92,487, 
Line 145,520, 106,520, 106,517, 92,517, 
Line 86,517, 27,517, 10,534, 10,572, 65,517, 
Line 145,542, 40,542, 
Line 86,487, 37,487, 
Line 58,487, 10,439, 10,393, 104,487, 
Line 145,460, 77,460, 
Line 131,520, 131,482, 
Line 121,482, 121,520, 
Line 10,425, -1,425, 
Line 10,416, -1,416, 
Line 10,546, -1,546, 
Line 10,556, -1,556, 
Line -53,555, -63,555, 
Line -53,546, -63,546, 
Line -52,426, -62,426, 
Line -52,415, -61,415, 
Line -133,500, -62,429, -62,394, -146,478, -146,486, -63,569, -63,533, -78,518, -96,536, 

Stairs 473,402, 473,373, 515,403, 
Stairs 598,403, 598,373, 560,403, 

PenColor FF0000
Arrow -17,579, -17,602, 
Arrow -36,579, -36,602, 
Arrow 484,533, 523,533, 
Arrow 30,507, -9,507, 
PenColor 009900
Arrow -14,372, -14,392, 
Arrow -39,372, -39,392, 
Arrow 522,469, 479,469, 
Arrow -9,493, 30,493, 

