Size 690x859
;image "railway maps 001.gif",0,0, 

;Angle -20

Railway 6, 10, 4, 265,671, 34,755
Railway 6, 10, 4, 269,687, 35,772
Railway 6, 10, 4, 549,568, 274,668
Railway 6, 10, 4, 560,582, 279,684
Railway 6, 10, 4, 664,525, 623,540
Railway 6, 10, 4, 670,540, 634,553
Railway 6, 10, 4, 627,634, 532,520, 482,463, 437,422, 397,383, 352,331, 286,252, 167,111, 124,62, 80,29
Railway 6, 10, 4, 619,640, 524,526, 475,471, 429,430, 385,388, 342,338, 276,260, 158,119, 116,70, 73,38
PenColor B0B0B0
Railway 6, 10, 4, 637,626, 545,514, 502,452, 473,405, 443,356, 411,314, 339,228, 175,33
Railway 6, 10, 4, 659,605, 587,517, 529,439, 472,333, 450,294, 390,201, 252,28
PenColor 000000

BrushColor B0B0B0
Polygon 136,57, 166,32, 431,347, 401,373
Polygon 84,103, 115,76, 380,392, 368,402, 285,302, 265,319
PenColor B0B0B0
Polygon 250,632, 148,669, 158,697, 260,660
Polygon 170,729, 179,753, 281,716, 272,692
Polygon 271,656, 260,628, 506,539, 516,567
Polygon 281,689, 527,599, 536,623, 291,713
BrushColor -1
PenColor 000000

Line 407,837, 353,690, 536,623, 527,599, 281,689
Line 318,839, 274,719, 179,753, 170,729, 272,692
Line 260,660, 158,697, 148,669, 244,634, 218,562, 227,436, 20,189
Line 56,178, 106,237, 157,194
Line 174,217, 124,259, 146,285, 167,267
Line 182,285, 161,303, 271,434, 263,524, 287,515, 321,606, 506,539, 516,567, 271,656

Line 230,574, 295,755
Line 239,571, 304,752
Line 262,272, 275,287
Line 249,283, 261,298
Line 223,252, 236,268
Line 236,241, 249,257
Line 238,162, 273,205, 287,193, 252,151

Line 194,234, 163,261, 211,318, 242,292
Line 180,247, 204,276, 187,290
Line 430,566, 426,554, 468,539, 473,551
Line 477,643, 483,658, 528,641, 523,627

Line 521,546, 536,549, 575,595, 574,609, 3
Line 609,510, 609,523, 643,564, 655,566, 3

Dashed 157,194, 356,28
Dashed 174,217, 375,48
Dashed 548,561, 617,535
Dashed 560,582, 634,553

Stairs 295,755, 304,752, 288,734
Stairs 230,574, 239,571, 238,595
Stairs 223,252, 236,241, 232,263
Stairs 261,298, 275,287, 252,287
Stairs 238,162, 252,151, 247,172


BrushColor -1

AngleTextOut -50, Arial, 20, 341, 268, от Москвы >>
AngleTextOut -50, Arial, 20, 122, 79, << к Москве
AngleTextOut -50, Arial, 25, 318, 208, Перово, 1

AngleTextOut 20, Arial, 20, 413, 640, от Москвы >>
AngleTextOut 20, Arial, 20, 155, 666, << к Москве
AngleTextOut 20, Arial, 25, 295, 615, Чухлинка, 1

AngleTextOut -50, Arial, 15, 262, 162, Кассы
AngleTextOut -50, Arial, 15, 181, 251, Кассы
AngleTextOut 20, Arial, 15, 428, 551, Кассы
AngleTextOut 20, Arial, 15, 481, 642, Кассы
AngleTextOut -50, Arial, 15, 319, 135, Товарные пути

PenColor 00AFAF
AngleTextOut -70, Arial, 15, 335, 710, Зарайская ул.
AngleTextOut -40, Arial, 15, 397, 20, Кусковская ул.
AngleTextOut -50, Arial, 15, 165, 315, Карачаровское шоссе

PenColor FF0000
Arrow 228,291, 213,303
Arrow 293,218, 282,204
PenColor 009900
Arrow 209,296, 224,284
Arrow 287,200, 300,215
BrushColor FFFF00
