Size 800x1200
Angle -25

BrushColor -1
PenColor 4C4C4C
AngleTextOut 90, Arial, 20, 83, 379, Менделеевская >>
AngleTextOut 90, Arial, 20, -30, 583, << Чеховская
AngleTextOut 90, Arial, 25, 22, 525, Цветной бульвар, 1
PenColor 5C9F2E
AngleTextOut -20, Arial, 30, 371, 751, Трубная, 1
AngleTextOut -20, Arial, 20, 291, 670, << тупик
AngleTextOut -20, Arial, 20, 377, 825, Сретенский бульвар >>
PenColor 00AFAF
AngleTextOut 115, Arial, 15, 561, 217, Цветной бульвар
AngleTextOut 115, Arial, 15, 427, 122, << Цирк
PenColor 000000
AngleTextOut 70, Arial, 12, 869, 971, Кассы

Dashed 260,69, 278,107
Dashed 238,79, 170,111, 188,150, 256,118
Stairs 58,301, 18,301, 58,281
Stairs 19,260, 58,260, 19,220

Spline 255,118, 242,102, 239,79
Line 67,583, 60,583
Line 15,583, 8,583

Line 18,301, 18,215, 9,215, 13,215, 13,147, 89,147, 149,119, 147,116, 176,102, 178,107, 195,120, 196,145, 199,150, 169,164, 168,161, 101,192, 64,192, 64,215, 67,215, 58,215, 58,301

Line 362,94, 373,89, 367,76, 377,71, 390,99, 272,154, 255,118, 289,102, 296,118, 355,90, 352,83, 356,81, 362,94
Line 270,64, 238,79, 221,43, 339,-11, 352,18, 343,22, 336,7, 324,13, 331,28, 327,30, 323,22, 264,50, 270,64

BrushColor 9CA4A4
Polygon 8,583, -10,583, -9,215, 9,215
Polygon 85,583, 67,583, 68,215, 86,215

BrushColor 808080
Polygon 53,499, 60,499, 60,583, 53,583
Polygon 22,499, 15,499, 15,583, 22,583
Polygon 58,301, 57,366, 52,366, 53,301
Polygon 24,301, 18,301, 17,366, 23,366
Polygon 119,163, 115,155, 157,135, 161,144
Polygon 349,68, 337,42, 359,32, 371,58
Polygon 54,656, 75,656, 98,664, 96,668, 74,660, 54,660
Polygon 54,672, 73,672, 92,679, 91,683, 72,676, 54,676

Line 22,583, 22,687, 73,687, 92,694, 90,698, 146,718, 148,713
Line 53,583, 53,646, 79,646, 106,656, 108,651, 163,671, 161,676
Dashed 134,708, 148,671
Dashed 236,704, 223,740
Line 148,671, 288,722, 289,718, 276,713, 278,709
Line 134,708, 274,759, 273,763, 260,758, 258,763
Spline 154,715, 169,700, 167,678
Spline 213,736, 213,716, 228,700

BrushColor 7CBC54
Polygon 605,812, 600,827, 278,709, 284,694
Polygon 258,763, 252,779, 575,897, 581,881

Line 600,827, 597,835
Line 581,881, 584,874
Spline 588,832, 589,854, 573,870
Dashed 580,829, 566,867
Line 566,867, 775,944
Line 580,829, 789,905
Spline 769,898, 753,914, 755,937
Dashed 775,944, 789,905
Line 785,904, 787,899, 809,907, 816,888, 892,916, 901,890, 886,885, 872,874, 855,838, 834,848
Line 771,942, 769,946, 792,954, 785,976, 891,1015
Spline 891,1015, 914,1013, 934,996, 945,968, 943,946, 928,928
Line 928,928, 945,881, 894,863, 889,859, 875,829, 897,819
Line 887,797, 824,826
Line 880,935, 860,928, 845,970, 865,977
Spline 865,977, 877,977, 886,970, 892,955, 889,942, 880,935
Line 858,933, 841,927
Dashed 851,900, 841,927, 792,954
Line 883,937, 868,978

Stairs 22,593, 53,593, 22,607
Stairs 22,614, 53,614, 22,628
Stairs 848,999, 857,975, 857,1002
Stairs 880,912, 873,932, 888,915
Stairs 894,863, 886,885, 910,869
Stairs 880,840, 860,849, 876,832
Stairs 875,829, 865,808, 883,825
Stairs 897,819, 887,797, 888,823
Stairs 846,816, 855,838, 838,820
Stairs 824,826, 834,848, 833,822

PenColor 000000
Arrow 80,683, 99,690
Arrow 67,651, 52,651
PenColor FF0000
Arrow 119,176, 151,161
Arrow 345,78, 382,61
Arrow 789,912, 817,922
Arrow 865,918, 892,928
PenColor 009900
Arrow 135,133, 105,147
Arrow 358,24, 325,39
Arrow 869,993, 841,983
Arrow 808,949, 781,939
