Size 849x707
Angle -38

BrushColor -1
PenColor 046434
AngleTextOut 0, Arial, 20, 228, 241, << Аэропорт
AngleTextOut 0, Arial, 20, 521, 453, Белорусская >>
AngleTextOut 0, Arial, 25, 398, 354, Динамо, 1
PenColor 00AFAF
AngleTextOut 0, Arial, 15, 358, 502, Ленинградский проспект
AngleTextOut 0, Arial, 15, 77, 201, 'Стадион "Динамо"'
AngleTextOut 0, Arial, 15, 700, 189, Петровский парк
PenColor 000000

BrushColor 046434
Polygon 226,266, 655,266, 655,297, 226,297
Polygon 226,424, 655,424, 655,455, 226,455

Line 655,297, 655,313, 587,313, 587,332, 811,332, 811,321, 802,321, 802,311, 895,311, 895,334, 923,334
Line 226,297, 226,313, 294,313, 294,329, 103,329, 103,292, 108,292
Line 58,293, 63,293, 63,327, 48,327, 48,320, 57,320, 57,311, -37,311, -37,337, -64,337
Line -64,353, -37,353
Line -64,370, -37,370
Line -64,385, -37,385, -37,409, 48,409, 48,395, 294,395, 294,407, 226,407, 226,424
Line 895,353, 923,353
Line 895,371, 923,371
Line 923,384, 895,384, 895,409, 802,409, 802,401, 810,401, 810,394, 789,394, 789,425, 798,425
Line 738,425, 748,425, 748,394, 587,394, 587,406, 655,406, 655,424
Dashed 232,395, 232,329
Dashed 116,329, 116,395
Dashed 618,394, 618,332
Dashed 731,332, 731,394

PenColor FF0000
Arrow 660,377, 689,377
Arrow 768,400, 768,418
Arrow 83,317, 83,298
Arrow 191,345, 153,345
PenColor 009900
Arrow 914,344, 887,344
Arrow 914,377, 887,377
Arrow 689,346, 660,346
Arrow -54,344, -28,344
Arrow -54,377, -29,377
Arrow 153,380, 191,380

