Size 1830x1340
Angle 110

BrushColor -1
PenColor 4C4C4C
AngleTextOut 180, Arial, 20, 504, 1362, << Тимирязевская
AngleTextOut 180, Arial, 20, 276, 1173, Савеловская >>
AngleTextOut 180, Arial, 25, 388, 1275, Дмитровская, 1
PenColor 00AFAF
AngleTextOut 180, Arial, 15, 1003, 1256, Дмитровское шоссе
AngleTextOut 180, Arial, 15, 116, 1269, Бутырская улица
AngleTextOut 185, Arial, 15, 1432, -60, улица Костякова
AngleTextOut -90, Arial, 25, 1267, 382, рынок
PenColor 000000
AngleTextOut -90, Arial, 20, 1175, 706, Кассы

;метро
BrushColor 9CA4A4
Polygon 130,1178, 513,1178, 513,1204, 130,1204
Polygon 130,1311, 513,1311, 513,1337, 130,1337

;зелень
BrushColor 84AC94
Polygon 1422,19, 1323,26, 1323,1164, 1422,1164
Polygon 1085,86, 1123,86, 1123,234, 1179,234, 1179,87, 1215,87, 1215,33, 1085,42
Polygon 1005,48, 913,54, 913,234, 967,234, 967,86, 1005,86
Polygon 854,1025, 758,1025, 758,65, 854,58
Polygon 913,261, 966,261, 966,932, 913,932
Polygon 913,956, 966,956, 966,1025, 913,1025
Polygon 1123,261, 1179,261, 1179,697, 1151,697, 1151,828, 1202,844, 1202,927, 1123,927
Polygon 1123,954, 1231,954, 1231,1025, 1123,1025
Polygon 1182,1073, 1292,1073, 1292,1164, 1182,1164
Polygon 1123,1073, 1152,1073, 1152,1164, 1085,1164, 1085,1129, 1123,1129
Polygon 1005,1129, 1005,1164, 947,1164, 856,1073, 966,1073, 966,1129

;платформы
BrushColor 808080
Polygon 513,1232, 457,1232, 457,1236, 446,1236, 446,1223, 513,1223
Polygon 513,1283, 457,1283, 457,1279, 446,1279, 446,1292, 513,1292
Polygon 617,1178, 617,1220, 634,1220, 634,1212, 663,1212, 663,1204, 685,1204, 685,1178
Polygon 617,1337, 617,1295, 634,1295, 634,1303, 663,1303, 663,1311, 685,1311, 685,1337
Polygon 755,1209, 776,1209, 776,1306, 755,1306

Polygon 1085,1129, 1123,1129, 1123,954, 1135,954, 1135,927, 1123,927, 1123,261, 1134,261, 1134,234, 1123,234, 1123,86, 1085,86
Polygon 1005,1129, 966,1129, 966,956, 957,956, 957,932, 966,932, 966,261, 956,261, 956,234, 967,234, 967,86, 1005,86

Railway 20, 26, 10, 1017,1613, 1017,-224
Railway 20, 26, 10, 1052,1613, 1052,-224

Line 685,1178, 749,1178, 749,1183, 775,1183, 775,1178, 797,1178, 797,1105, 744,1105
Line 744,1084, 797,1084, 797,1042
Line 819,1042, 819,1178, 837,1178, 837,1337, 822,1337, 822,1378, 827,1378, 827,1350
Line 850,1350, 850,1444
Line 826,1444, 826,1416, 798,1416, 798,1337, 774,1337, 774,1331, 749,1331, 749,1337, 685,1337
Line 617,1295, 617,1283, 657,1283
Line 657,1232, 617,1232, 617,1220
Line 513,1204, 513,1223
Line 513,1292, 513,1311
Line 130,1204, 130,1226, 137,1226, 137,1289, 130,1289, 130,1311
Dashed 513,1232, 617,1232
Dashed 513,1283, 617,1283
Dashed 504,1232, 504,1282
Dashed 657,1232, 657,1283
Spline 617,1232, 609,1258, 617,1283
Spline 513,1232, 522,1258, 513,1283
Stairs 748,1084, 748,1105, 779,1084
Stairs 797,1046, 819,1046, 797,1079
Stairs 827,1353, 850,1353, 827,1374
Stairs 826,1441, 850,1441, 826,1420
Stairs 798,1340, 822,1340, 798,1350
Stairs 794,1337, 794,1178, 784,1337

Line 1100,-155, 1085,-140, 1085,1332, 1102,1349
Line 991,-153, 1005,-139, 1005,1332, 988,1349
Line 1151,806, 1173,806, 1173,775, 1179,775, 1179,697
Line 1231,776, 1231,954
Line 884,156, 884,261, 913,261
Line 1179,261, 1207,261, 1207,156

Dashed 1173,789, 1231,789
Dashed 1179,560, 1323,560
Dashed 1179,284, 1323,284
Stairs 884,156, 913,156, 884,235
Stairs 913,261, 913,234, 956,261
Stairs 1207,156, 1179,156, 1207,234
Stairs 1179,261, 1179,234, 1134,261
Stairs 1202,850, 1231,850, 1202,927
Stairs 1202,927, 1202,954, 1135,927
Stairs 1152,1126, 1182,1126, 1152,1154
Stairs 1292,1126, 1323,1126, 1292,1154
Stairs 957,932, 957,956, 913,932
Dashed 966,1025, 1123,1025
Dashed 966,1073, 1123,1073

PenColor FF0000
Arrow 468,1264, 496,1264
Arrow 753,1318, 780,1318
Arrow 894,951, 864,951
Arrow 1220,767, 1220,744
Line 1170,240, 1186,256
Line 1186,240, 1170,256
PenColor 009900
Arrow 496,1246, 468,1246
Arrow 778,1196, 750,1196
Arrow 1193,744, 1193,767
Arrow 865,938, 895,938

PenColor FFFFFF
BrushColor -1
AngleTextOut -90, Arial, 20, 1114, 103, << Гражданская
AngleTextOut -90, Arial, 20, 1002, 954, Москва Рижская >>
PenColor 808080
AngleTextOut -110, Arial, 80, 1716, 245, Дмитровская, 1

