Size 1054x770
Angle 15

BrushColor -1
PenColor 046434
AngleTextOut 0, Arial, 20, 414, 246, << Орехово
AngleTextOut 0, Arial, 20, 494, 400, Красногвардейская >>
AngleTextOut 0, Arial, 25, 458, 314, Домодедовская, 1
PenColor 00AFAF
AngleTextOut -90, Arial, 15, 1052, 259, улица Генерала Белова
AngleTextOut -90, Arial, 15, 412, 618, Каширское шоссе
AngleTextOut -90, Arial, 15, 412, -10, Каширское шоссе
AngleTextOut 0, Arial, 15, 277, 163, Ореховый бульвар
PenColor 040464
AngleTextOut -90, Arial, 12, 221, -55, Автобус и маршрутное такси №308
AngleTextOut -90, Arial, 12, 208, -21, 'до аэропорта "Домодедово"'
PenColor 000000

BrushColor 046434
Polygon 414,268, 683,268, 683,291, 414,291
Polygon 414,371, 683,371, 683,394, 414,394

BrushColor 808080
Polygon 683,268, 718,268, 718,302, 683,302
Polygon 683,394, 683,360, 718,360, 718,394
Polygon 820,295, 855,295, 855,367, 820,367
Polygon 414,268, 414,302, 313,302, 313,268
Polygon 414,394, 414,360, 313,360, 313,394
Polygon 176,295, 211,295, 211,367, 176,367
Line 718,268, 718,264, 820,264, 820,267, 858,267, 858,263, 868,263, 868,116, 966,116
Line 965,147, 907,147, 907,269, 922,269, 922,392, 907,392, 907,468, 948,468
Line 948,499, 829,499
Line 829,468, 868,468, 868,397, 857,397, 857,394, 820,394, 820,398, 718,398, 718,394
Line 313,268, 313,264, 212,264, 212,267, 174,267, 174,263, 164,263, 164,79, 84,79, 84,113, 125,113, 125,216, 86,216
Line 86,247, 125,247, 125,270, 113,270, 113,392, 125,392, 125,504, 86,504
Line 86,535, 125,535, 125,661
Line 164,661, 164,606, 517,606
Line 552,568, 164,568, 164,398, 175,398, 175,394, 213,394, 213,398, 313,398, 313,394
Line 327,326, 404,326
Line 255,606, 255,661
Line 289,606, 289,661
Line 517,606, 517,653
Line 517,568, 517,521
Line 552,521, 552,653
Dashed 334,360, 334,326
Dashed 402,360, 402,326
Stairs 90,113, 90,79, 120,113
Stairs 92,247, 92,216, 120,247
Stairs 92,535, 92,504, 125,535
Stairs 517,568, 552,568, 517,525
Stairs 125,654, 164,654, 125,606
Stairs 343,326, 343,302, 367,326
Stairs 375,302, 375,326, 399,302
Stairs 718,360, 718,302, 689,360
Stairs 835,468, 835,499, 864,468
Stairs 912,468, 912,499, 942,468
Stairs 927,116, 927,147, 961,116
Stairs 289,606, 255,606, 289,656
Stairs 517,606, 552,606, 517,649

PenColor FF0000
Arrow 387,343, 353,343
Arrow 817,381, 870,381
Arrow 683,343, 729,343
Arrow 221,381, 173,381
PenColor 009900
Arrow 362,314, 412,314
Arrow 729,318, 681,318
Arrow 867,280, 808,280
Arrow 168,280, 224,280

BrushColor 0000FF
SpotCircle 10, 229, 58, ShowMessage Авт. 308

PenColor FFFFFF
BrushColor -1
AngleTextOut -15, Arial, 20, 226, 47, A, 1


