Size 1280x900
Angle -10

BrushColor -1
PenColor 84BC54
AngleTextOut 90, Arial, 30, 404, 508, Достоевская, 1
AngleTextOut 90, Arial, 20, 427, 477, (строится)
AngleTextOut 90, Arial, 20, 338, 657, << Трубная
AngleTextOut 90, Arial, 20, 487, 295, Марьина Роща >>
PenColor 00AFAF
AngleTextOut 33, Arial, 15, 34, 665, Селезневская улица
AngleTextOut 333, Arial, 15, 526, 356, Суворовская площадь
AngleTextOut 23, Arial, 15, 108, 254, Театр Российской армии

PenColor 000000
Line 234,488, 243,501, 208,523, 243,577, 289,547, 300,563, 142,666, 132,649, 178,619, 143,566, 97,596, 87,580, 151,539, 130,525, 111,553, 38,504, 140,352, 213,401, 145,502, 174,522, 210,498
Spline 210,498, 225,464, 226,418
Spline 234,488, 243,461, 242,417
Stairs 142,666, 132,649, 189,636
Stairs 87,580, 97,596, 133,550
Stairs 300,563, 289,547, 254,593
Stairs 226,418, 242,417, 228,452
Stairs 439,206, 408,206, 439,185
Stairs 439,175, 408,175, 439,154
Dashed 152,379, 311,143, 337,160, 178,396, 152,379
Line 408,142, 408,88, 399,88
Line 439,142, 439,56, 394,56
Line 337,160, 370,111
Line 311,143, 333,110
Spline 333,110, 366,70, 394,56
Spline 370,111, 384,96, 399,88

Line 388,142, 401,142
Line 446,142, 459,142
Line 388,672, 401,672, 401,621, 446,621, 446,672, 459,672

BrushColor 808080
Polygon 408,210, 401,210, 401,142, 408,142
Polygon 439,210, 446,210, 446,142, 439,142
Polygon 394,76, 408,76, 408,68, 394,68

BrushColor 84BC54
Polygon 388,142, 367,142, 367,672, 388,672
Polygon 459,142, 479,142, 479,672, 459,672

BrushColor -1
PenColor E41C0C
AngleTextOut 90, Arial, 25, 326, 509, Откроется в 2010 году

Opaque 30

; Суворовская площадь

PenColor 543C04
BrushColor FFFFFF
AngleTextOut 0, Arial, 30, 628, 717, Суворовская площадь, 1
AngleTextOut 0, Arial, 20, 721, 747, (проект)
AngleTextOut 0, Arial, 20, 533, 662, << Новослободская
AngleTextOut 0, Arial, 20, 883, 800, Проспект Мира >>

PenColor 000000
BrushColor 9B5509
Polygon 1048,707, 1048,686, 521,686, 521,707
Polygon 1048,779, 1048,801, 521,801, 521,779

Line 452,459, 495,459, 502,452, 495,445, 452,445
Line 452,473, 495,473, 526,466, 551,466, 587,502, 591,498
Line 452,431, 495,431, 526,437, 568,437, 610,479, 606,483
Dashed 661,568, 582,489, 597,474, 676,553, 661,568
Line 651,558, 643,566, 663,586, 665,584
Line 665,584, 690,609
;Line 701,620, 715,634
Line 715,645, 715,714
Line 759,714, 759,645
;Line 759,634, 759,624, 754,619
Line 743,608, 692,557, 694,555, 674,535, 666,543
Line 730,714, 730,663, 745,663, 745,714
Stairs 454,473, 454,459, 471,473
Stairs 454,445, 454,431, 471,445
Stairs 730,712, 715,712, 730,695
Stairs 745,712, 759,712, 745,695
Stairs 981,758, 981,728, 998,758
Stairs 1008,758, 1008,728, 1031,758
Stairs 1036,597, 1039,589, 1050,602
Stairs 454,611, 454,597, 471,611
Stairs 454,633, 454,619, 471,633
Stairs 454,655, 454,641, 471,655
Stairs 927,674, 937,679, 934,662
Stairs 1304,695, 1306,689, 1325,703
Stairs 1280,771, 1286,767, 1273,760
Line 521,707, 521,721, 609,721, 609,765, 521,765, 521,779
Line 1058,596, 1028,585, 1007,642, 946,620, 946,609, 905,609, 905,599, 787,599, 787,609, 764,609, 764,614
Line 934,684, 946,663, 946,630, 1012,654, 1033,596, 1055,604
Line 764,639, 764,644, 787,644, 787,654, 906,654, 906,644, 936,644, 936,659, 925,678

Line 1048,779, 1048,758, 1109,758, 1109,728, 1103,728, 1103,698, 1117,661, 1147,672, 1149,666
Line 1048,707, 1048,728, 1076,728, 1076,692, 1091,652, 1086,650, 1095,626, 1156,648, 1153,656
Dashed 1142,663, 1146,653, 1247,690, 1243,700, 1142,663
Line 1243,688, 1246,680, 1291,696, 1295,685, 1331,698
Line 1329,704, 1299,693, 1277,753, 1288,769
Line 1282,773, 1269,754, 1280,723, 1236,707, 1239,699

Dashed 772,639, 772,614, 607,614, 607,639, 772,639
Line 613,614, 613,606, 500,597, 452,597
Line 452,611, 493,611, 493,619, 452,619
Line 452,633, 493,633, 493,641, 452,641
Line 452,655, 500,655, 613,647, 613,639

PenColor 000000
BrushColor 808080
Polygon 1048,728, 1048,718, 952,718, 952,728
Polygon 1048,768, 1048,758, 952,758, 952,768
Polygon 1092,728, 1087,728, 1087,704, 1092,704
Polygon 1091,683, 1101,656, 1106,658, 1096,685

