size 1003x596

Angle 30

Railway 10, 14, 6, 1057,298, -55,298, 
Railway 10, 14, 6, 1057,298, 1023,299, 1002,305, 988,315, 975,325, 947,333, 899,335, 712,335, 212,335, 91,335, 32,332, 6,321, -10,308, -29,299, -55,298, 

PenColor b0b0b0
BrushColor b0b0b0
Polygon 131,219, 176,219, 176,195, 200,195, 200,219, 259,219, 259,195, 282,195, 282,219, 500,219, 500,223, 549,223, 549,219, 610,219, 610,195, 657,195, 657,219, 756,219, 756,195, 780,195, 780,219, 881,219, 881,273, 131,273, 
PenColor 0
BrushColor -1

Line 176,219, 131,219, 131,273, 881,273, 881,219, 780,219, 780,171, 
Line 756,171, 756,219, 657,219, 657,171, 
Line 549,219, 610,219, 610,99, 549,99, 
Line 500,99, 431,99, 431,219, 500,219, 
Line 431,219, 282,219, 
Line 306,195, 235,195, 
Line 259,219, 200,219, 200,195, 152,195, 
Line 500,95, 500,103, 549,103, 549,95, 500,95, 
Line 500,172, 500,223, 549,223, 549,172, 525,172, 525,196, 
Line 549,199, 582,199, 610,171, 
Line 461,99, 461,219, 
Line 461,115, 438,115, 438,178, 461,178, 

Stairs 610,171, 657,171, 610,191, 
Stairs 756,171, 780,171, 756,191, 
Stairs 549,196, 500,196, 549,172, 
Stairs 282,219, 282,195, 305,219, 
Stairs 259,219, 259,195, 236,219, 
Stairs 176,219, 176,195, 152,219, 

AngleTextOut 0,Arial,20,904,252, тупик >>
AngleTextOut 0,Arial,20,-11,241, << к Москве
AngleTextOut 0,Arial,25,389,236, Дубна, 1

BrushColor -1
AngleTextOut 0,Arial,15,561,200, Кассы
AngleTextOut -90,Arial,15,458,125, Кассы

PenColor FF0000
Arrow 535,114, 535,86, 
Arrow 535,230, 535,207, 
PenColor 009900
Arrow 515,87, 515,114, 
Arrow 515,207, 515,231, 
