size 624x1042
Angle -70

BrushColor -1
PenColor 5C9F2E
AngleTextOut 0,Arial,30,-79,530, Дубровка, 1
AngleTextOut 0,Arial,20,-176,421, << Крестьянская застава
AngleTextOut 0,Arial,20,92,656, Кожуховская >>
PenColor 00AFAF
AngleTextOut 0,Arial,15,407,657, Шарикоподшипниковская ул.
AngleTextOut 0,Arial,15,407,427, Шарикоподшипниковская ул.
PenColor 0

BrushColor 84BC54
Polygon -197,454, 201,454, 201,491, -197,490, 
Polygon -197,611, 200,611, 200,647, -197,647, 

BrushColor 808080
Polygon -197,513, -127,513, -127,520, -136,520, -137,579, -127,579, -127,587, -197,587, 
Polygon 201,513, 64,513, 64,526, 76,526, 76,520, 201,520, 
Polygon 200,580, 74,580, 74,575, 63,574, 63,588, 200,588, 
Polygon 444,513, 448,513, 448,523, 457,523, 457,513, 472,513, 472,502, 444,502, 
Polygon 444,599, 444,588, 448,588, 448,579, 457,579, 457,588, 473,588, 473,599, 
Polygon 614,554, 614,487, 713,487, 713,554, 
Line 631,725, 713,725, 713,589, 615,589, 615,648, 364,648, 364,592, 328,592, 328,580, 
Line 631,755, 759,755, 759,437, 845,437, 
Line 845,405, 627,405, 
Line 628,436, 713,436, 713,454, 363,454, 363,508, 328,508, 328,519, 
Line 311,580, 338,580, 
Line 310,519, 338,519, 
Line 200,611, 200,588, 
Line 201,513, 201,491, 
Line -197,490, -197,513, 
Line -197,587, -197,611, 
Spline 200,580, 207,550, 201,521, 
Spline 311,580, 305,550, 310,519, 
Dashed 457,579, 457,523, 
Dashed 338,580, 338,519, 
Dashed 201,521, 310,521, 
Dashed 200,580, 311,580, 
Dashed 125,580, 125,521, 
Stairs 631,725, 631,755, 713,725, 
Stairs 713,594, 759,594, 713,603, 
Stairs 628,436, 627,405, 713,436, 
Stairs 845,437, 845,405, 759,437, 
Stairs 488,648, 487,454, 504,648, 

PenColor FF0000
Arrow 78,562, 109,562, 
Arrow 345,562, 377,562, 
Arrow 456,618, 486,618, 
PenColor 009900
Arrow 109,539, 76,539, 
Arrow 374,539, 343,539, 
Arrow 462,483, 431,483, 

