size 673x383
Angle -25

Railway 10, 14, 6, 5,211, 55,217, 121,233, 197,235, 302,235, 399,235, 479,235, 549,233, 614,218, 667,211, 1
Railway 10, 14, 6, 5,192, 56,186, 121,169, 200,166, 301,166, 406,166, 484,166, 552,172, 619,188, 667,194, 1

PenColor b0b0b0
Railway 10, 14, 6, 5,229, 55,234, 120,250, 197,252, 302,252, 400,252, 480,252, 551,250, 616,235, 666,228, 1
Railway 10, 14, 6, 5,175, 55,169, 121,151, 201,149, 302,149, 405,149, 485,149, 551,155, 620,170, 670,176, 1
Railway 10, 14, 6, 5,157, 54,151, 121,133, 201,131, 302,131, 405,131, 485,131, 551,137, 620,152, 670,158, 1

PenColor 0
BrushColor b0b0b0
Polygon 530,185, 530,226, 130,226, 130,185, 

BrushColor FFFFFF
Polygon 299,198, 361,198, 361,216, 299,216, 
PenColor FFFFFF
Polygon 465,274, 485,274, 485,124, 465,124, 465,194, 425,194, 425,214, 465,214, 
PenColor 0

Stairs 465,274, 485,274, 465,304, 
Stairs 465,124, 485,124, 465,104, 
Stairs 525,104, 525,84, 485,104, 
Stairs 425,104, 425,84, 465,104, 
Stairs 425,214, 425,194, 465,214, 

Line 425,104, 465,104, 465,194, 425,194, 
Line 425,214, 465,214, 465,304, 
Line 525,104, 485,104, 485,304, 
Line 425,84, 525,84, 

BrushColor -1

AngleTextOut 0,Arial,20,509,199, от Москвы >>
AngleTextOut 0,Arial,20,139,182, << к Москве
AngleTextOut 0,Arial,25,153,199, Электроугли, 1

AngleTextOut 0,Arial,15,311,198, Кассы

BrushColor FFFF
