size 779x750
Angle -20

Railway 6, 9, 4, 790,556, 684,516, 575,500, 429,498, 312,498, 197,498, 111,500, 52,511, 1
Railway 6, 9, 4, 37,453, 108,435, 184,421, 290,410, 442,418, 569,441, 684,472, 791,515, 1

PenColor b0b0b0
Railway 6, 9, 4, 44,480, 110,461, 185,444, 290,435, 442,442, 568,464, 684,495, 791,537, 1
Railway 6, 9, 4, 39,467, 109,448, 185,433, 290,423, 442,430, 568,452, 684,483, 791,526, 1

PenColor b0b0b0
BrushColor b0b0b0
Polygon 134,467, 135,486, 495,486, 497,462, 427,452, 366,448, 301,447, 245,448, 191,455, 
Polygon 336,404, 442,412, 569,435, 684,466, 768,498, 776,481, 686,443, 570,410, 442,386, 336,376, 

PenColor 0
Line 134,467, 135,486, 495,486, 497,462, 
Spline 497,462, 427,452, 366,448, 301,447, 245,448, 191,455, 134,467, 
Line 794,430, 336,356, 
Line 796,411, 337,332, 337,228, 380,228, 380,138, 503,138, 
Line 263,406, 263,298, 150,298, 150,139, 1,139, 
Polygon 189,197, 212,152, 270,152, 292,197, 266,243, 214,243, 

Line 336,404, 336,376, 
Line 776,481, 768,498, 
Spline 37,443, 161,417, 263,406, 336,404, 442,412, 569,435, 684,466, 768,498, 
Spline 776,481, 686,443, 570,410, 442,386, 336,376, 
Line 201,731, 201,545, 86,545, 
Line 255,735, 255,559, 
Spline 255,559, 364,559, 501,560, 638,570, 775,613, 
Spline 301,505, 429,505, 575,507, 684,523, 790,563, 

Line 667,437, 674,414, 
Line 656,433, 663,410, 
Line 635,417, 670,427, 
Stairs 663,410, 674,414, 658,424, 
Stairs 635,417, 633,426, 658,424, 
Line 313,403, 313,356, 336,356, 336,376, 

Line 281,457, 220,457, 220,481, 281,481, 
Line 301,457, 363,457, 363,480, 301,480, 
Stairs 301,480, 301,457, 322,480, 
Stairs 281,481, 281,457, 261,481, 

Dashed 281,405, 281,505, 
Dashed 301,404, 301,505, 

BrushColor -1

AngleTextOut -20,Arial,20,670,435, от Москвы >>
AngleTextOut 0,Arial,20,87,498, << к Москве
AngleTextOut -10,Arial,25,409,377, Электрозаводская, 1

AngleTextOut 90,Arial,15,317,397, Кассы
AngleTextOut 0,Arial,15,223,463, Кассы
AngleTextOut 0,Arial,15,327,462, Кассы

PenColor 00AFAF
AngleTextOut 0,Arial,15,182,98, Большая Семеновская улица
AngleTextOut 0,Arial,15,337,526, Гольяновский проезд
PenColor FF0000
TextOut Arial,35,221,187, M, 1

PenColor 040464
TextOut Arial,15,-50,255, Схема ст.м. "Электрозаводская", 5
SpotRect -50,255, 250, 15, LoadVec Electrozavodskaya.vec
PenColor 0

