Size 1080x885
Angle 30

BrushColor -1
PenColor 34349C
AngleTextOut 0, Arial, 20, 9, 356, << Бауманская
AngleTextOut 0, Arial, 20, 627, 640, Семеновская >>
AngleTextOut 0, Arial, 25, 236, 492, Электрозаводская, 1
PenColor 00AFAF
AngleTextOut -50, Arial, 15, 819, 138, улица Большая Семеновская
AngleTextOut -50, Arial, 15, 549, 680, платф.Электрозаводская Казанского направления
PenColor 000000

PenColor 040464
TextOut Arial, 15, 567, 844, Схема ж/д пл. "Электрозаводская", 5
SpotRect 567, 844, 250, 15, LoadVec ElectrozavodskayaZhD.vec
PenColor 000000

BrushColor 34349C
Polygon -9,417, -9,383, 785,383, 785,417
Polygon -9,635, -9,602, 785,602, 785,635

BrushColor 808080
Polygon 785,570, 659,570, 659,575, 597,575, 597,541, 785,541
Polygon 785,478, 597,478, 597,444, 659,444, 659,449, 785,449
Polygon -9,570, 43,570, 43,575, 105,575, 105,532, 89,532, 89,484, 105,484, 105,444, 43,444, 43,449, -9,449
Line -9,449, -9,417
Line -9,570, -9,602
Line 785,602, 785,570
Line 785,449, 785,417
Line 785,541, 824,541, 840,551, 834,563, 821,555, 808,575, 822,583
Line 785,478, 821,478, 821,464, 837,454, 830,442, 816,451, 805,430, 818,422
Line 865,607, 878,614, 890,595, 875,586, 882,575, 898,584, 949,549, 949,530, 963,530, 963,546, 986,546, 986,527
Line 986,485, 986,466, 963,466, 963,482, 949,482, 949,462, 897,420, 879,429, 873,417, 885,409, 873,389, 858,398
Dashed 651,541, 651,478
Dashed 821,478, 821,541
Spline 667,541, 696,509, 667,478
Spline 812,541, 783,508, 812,478

PenColor FF0000
Arrow 831,518, 875,518
Arrow 845,590, 830,614
PenColor 009900
Arrow 875,490, 832,490
Arrow 1009,503, 989,503

