Size 850x680
Angle 25

BrushColor -1
PenColor 2C7CAC
AngleTextOut 0, Arial, 20, 98, 150, << Пионерская
AngleTextOut 0, Arial, 30, 333, 242, Филевский парк, 1
AngleTextOut 0, Arial, 20, 673, 339, Багратионовская >>
PenColor 00AFAF
AngleTextOut -90, Arial, 15, 437, 397, Минская улица
AngleTextOut 0, Arial, 15, 555, 132, Сеславинская улица
PenColor 000000
AngleTextOut 0, Arial, 15, 222, 430, касса
AngleTextOut 0, Arial, 15, 615, 477, касса

BrushColor 2C7CAC
Polygon 62,200, 62,176, 836,176, 836,200
Polygon 62,334, 62,310, 836,310, 836,334

BrushColor 808080
Polygon 671,227, 671,233, 589,233, 589,227
Polygon 589,283, 589,277, 671,277, 671,283
Polygon 309,283, 309,277, 227,277, 227,283
Polygon 309,227, 309,233, 227,233, 227,227
Polygon 126,437, 126,430, 197,430, 197,493, 125,493, 125,486, 189,486, 189,437
Polygon 745,496, 745,489, 682,489, 682,440, 745,440, 745,433, 674,433, 674,496

Line 836,200, 836,310
Line 62,310, 62,200
Line 227,283, 128,283, 128,227, 227,227
Line 671,227, 770,227, 770,283, 671,283
Line 305,392, 305,383, 95,383, 95,543, 305,543, 305,534
Line 305,507, 305,418
Line 567,533, 567,542, 776,542, 776,383, 567,383, 567,392
Line 567,419, 567,507
Line 197,430, 213,430, 225,454, 255,454, 266,429, 276,429, 276,493, 197,493
Line 674,433, 594,433, 594,497, 605,497, 617,472, 647,472, 658,496, 674,496
Stairs 273,277, 273,233, 230,277
Stairs 625,277, 625,233, 668,277
Stairs 177,486, 177,437, 128,486
Stairs 694,489, 694,440, 742,489

PenColor FF0000
Arrow 614,244, 673,244
Arrow 284,243, 223,243
Arrow 584,404, 544,404
Arrow 286,521, 325,521
Arrow 184,475, 120,475
Arrow 687,451, 751,451
PenColor 009900
Arrow 674,267, 613,267
Arrow 224,267, 285,267
Arrow 319,404, 288,404
Arrow 551,521, 582,521
Arrow 121,448, 184,448
Arrow 751,478, 687,478

