Size 882x690
;Angle 50

PenColor 040464
BrushColor -1
TextOut Arial, 15, 399, 67, Схема cтанции метро "Фили", 5
SpotRect 399, 67, 214, 15, LoadVec Fili.vec
PenColor 000000

BrushColor E0E0E0
PenColor E0E0E0
Polygon 316,546, 409,426, 484,339, 496,326, 539,280, 585,236, 579,229, 605,206, 610,212, 754,92, 765,105, 671,182, 588,257, 524,321, 462,390, 394,472, 329,556
Polygon 369,553, 390,568, 337,644, 327,637, 307,670, 289,670, 318,626
PenColor 000000
Line 316,546, 409,426, 484,339, 496,326, 539,280, 585,236, 579,229, 605,206, 610,212, 754,92, 765,105, 671,182, 588,257, 524,321, 462,390, 394,472, 329,556, 316,546
Line 369,553, 390,568, 337,644, 327,637, 307,670
Line 289,670, 318,626, 369,553
Line 581,44, 589,56, 590,66, 606,89
Line 614,100, 631,125, 635,122
Line 640,117, 647,112
Line 669,98, 661,103
Line 674,93, 677,91, 660,67
Line 655,60, 643,43
Line 598,57, 618,85, 644,67, 628,43
BrushColor 2C7CAC
PenColor 2C7CAC
Polygon 596,44, 621,44, 639,70, 622,82
PenColor 000000
Line 621,44, 639,70, 622,82, 596,44
Dashed 630,75, 607,44
BrushColor 808080
Polygon 645,106, 631,86, 625,90, 639,110
Polygon 655,99, 661,95, 647,75, 641,79
Line 363,563, 365,565
Line 370,568, 376,572
Line 380,575, 383,578
Line 335,600, 338,602
Line 343,606, 348,609
Line 353,612, 357,615
Dashed 358,568, 362,571, 343,598, 339,595
Dashed 680,141, 721,189
Dashed 668,152, 708,200

PenColor 000000
Railway 6, 9, 3, 258,670, 331,562, 464,396, 592,260, 768,109
Railway 6, 9, 3, 274,670, 341,570, 474,404, 600,269, 775,118

Line 484,339, 472,327, 445,356, 420,332, 485,263, 509,285, 483,314, 496,326
Line 532,287, 524,279
Line 527,275, 520,282, 484,245, 519,211, 537,230
Line 541,234, 547,240
Line 551,245, 555,249, 548,255
Line 542,261, 534,269
Line 538,264, 527,253, 544,237
Line 560,259, 552,250
Line 547,273, 543,268
Line 677,130, 684,138, 665,154, 658,146, 4
Line 712,220, 739,197, 4
Line 705,212, 712,206, 708,200, 721,189, 726,194, 732,189, 4
Dashed 493,254, 520,226, 523,229, 530,222
Line 543,268, 553,259

Line 391,568, 407,557, 473,534, 527,470, 531,396, 646,268, 764,210, 787,220
Line 792,209, 767,197, 781,177
Line 770,170, 754,192, 732,189
Line 739,197, 754,198, 712,220
Line 705,212, 663,245, 638,257, 516,392, 512,466, 465,522, 401,544, 379,560
Line 606,89, 595,97, 602,118, 506,199, 471,230, 410,305
Line 533,196, 611,130, 632,155, 554,220, 533,196
Line 424,315, 482,241, 516,208, 521,207, 535,221, 537,230
Line 559,246, 563,238, 560,228, 658,146
Spline 410,396, 423,376, 420,364, 403,342, 401,324, 410,305
Spline 421,405, 433,389, 437,380, 438,369, 434,358, 427,349, 419,336, 416,328, 420,321, 424,315

BrushColor FFFFFF
PenColor FFFFFF
Polygon 418,492, 428,480, 386,446, 377,457
PenColor 000000
Line 190,402, 214,422, 273,352, 376,437, 410,396
Line 421,405, 386,446, 442,493, 482,445, 506,465
Line 497,475, 485,465, 444,514, 429,501, 379,560
Line 369,553, 418,492, 276,372, 218,441, 182,411

Stairs 594,71, 604,65, 605,87
Stairs 641,62, 652,55, 633,51
Stairs 658,146, 677,130, 665,154
Stairs 705,212, 712,220, 712,206
Stairs 726,194, 733,202, 732,189
Stairs 547,273, 532,287, 543,268
Stairs 496,326, 484,339, 488,319
Stairs 497,475, 506,465, 485,465
Stairs 485,465, 473,456, 473,478
Stairs 442,493, 454,502, 452,482
Stairs 429,501, 418,492, 421,510
Stairs 415,517, 405,508, 404,530
Stairs 387,531, 397,539, 369,553
Stairs 389,553, 398,563, 379,560
Stairs 410,396, 421,405, 403,404
Stairs 398,411, 408,420, 391,419
Stairs 376,437, 386,446, 386,425
Stairs 269,380, 258,370, 258,393
Stairs 232,424, 220,415, 250,403

PenColor FF0000
Arrow 615,93, 605,100
Arrow 653,66, 664,59
Arrow 346,617, 355,604
Arrow 374,578, 381,568
Arrow 548,260, 540,252
Arrow 547,244, 555,236
PenColor 009900
Arrow 656,112, 646,97
Arrow 636,78, 648,69
Arrow 631,81, 621,88
Arrow 344,599, 335,611
Arrow 371,562, 363,573
Arrow 543,228, 535,236
Arrow 523,264, 534,275

BrushColor -1
PenColor 707070
AngleTextOut 45, Arial, 30, 539, 475, пл.Фили, 1
PenColor 2C7CAC
AngleTextOut 0, Arial, 30, 450, 34, м.Фили, 1
PenColor 00AFAF
AngleTextOut -50, Arial, 15, 658, 0, Новозаводская ул.
AngleTextOut 60, Arial, 15, 20, 443, Промышленный проезд
AngleTextOut -60, Arial, 15, 822, 222, ул. 1812 года
PenColor 000000
AngleTextOut 45, Arial, 15, 486, 238, кассы
AngleTextOut 55, Arial, 15, 339, 598, кассы
AngleTextOut 47, Arial, 15, 429, 333, зал ожидания
AngleTextOut -40, Arial, 15, 155, 404, << к Горбушке
AngleTextOut 49, Arial, 15, 433, 466, Тестовская >>, 1
AngleTextOut 52, Arial, 15, 257, 628, << Кунцево, 1
AngleTextOut 55, Arial, 15, 318, 674, платформа к Москве
AngleTextOut 47, Arial, 15, 461, 364, платформа от Москвы

BrushColor 00FF00

