Size 796x928
Angle -55

BrushColor -1
PenColor 00AFAF
AngleTextOut 90, Arial, 15, 167, 764, Багратионовский проезд
AngleTextOut 0, Arial, 15, 666, 243, улица 1812 года
AngleTextOut 0, Arial, 15, -6, 267, Новозаводская улица
AngleTextOut 90, Arial, 15, 682, 747, '<< ж/д платформа "Фили"'

PenColor 040464
TextOut Arial, 15, 391, 602, Схема перехода к ж/д платформе "Фили", 5
SpotRect 391, 602, 250, 15, LoadVec FiliZ.vec
PenColor 000000

BrushColor 2C7CAC
Polygon 694,402, 694,491, 128,491, 128,402

BrushColor 808080
Polygon 128,376, 8,376, 8,369, 128,369
Polygon 128,523, 8,523, 8,516, 128,516
Polygon 554,523, 554,516, 694,516, 694,523
Polygon 554,376, 554,369, 694,369, 694,376
Polygon 757,481, 801,481, 807,474, 817,471, 830,476, 836,485, 836,496, 831,505, 821,509, 738,509, 728,505, 722,496, 722,485, 727,475, 739,471, 751,474
Polygon 758,412, 800,412, 807,418, 819,421, 831,417, 836,408, 836,399, 831,389, 820,383, 737,383, 727,390, 723,399, 723,409, 729,417, 741,421, 752,418
Polygon 25,481, 69,481, 74,475, 86,471, 97,476, 103,485, 103,494, 98,503, 87,509, 5,509, -5,504, -9,495, -9,485, -4,475, 8,472, 18,475
Polygon 26,411, 69,411, 76,418, 86,421, 97,417, 103,408, 103,398, 98,389, 87,384, 8,384, -3,388, -9,397, -9,408, -4,418, 9,421, 19,418

Line -3,327, 135,327, 171,340, 171,345, 511,345, 511,340, 548,327, 702,327
Line 723,327, 861,327, 861,336
Line 861,357, 861,535
Line 861,557, 861,565, 722,565
Line 701,565, 548,565, 512,552, 512,547, 172,547, 172,552, 135,566, -3,566
Line -23,566, -39,566, -39,327, -21,327
Line 128,369, 200,369, 200,373
Line 128,523, 199,523, 199,519
Line 128,376, 128,402
Line 128,491, 128,516
Line 694,516, 694,491
Line 694,402, 694,376
Line 103,485, 128,485
Line 103,408, 128,408
Line 836,485, 861,485
Line 836,408, 861,408
Line 843,485, 843,459
Line 843,433, 843,408
Line 111,485, 111,459
Line 111,433, 111,408

Dashed 128,447, 694,447

Stairs 10,327, 10,369, 52,327
Stairs 72,327, 72,369, 114,327
Stairs 10,566, 10,523, 52,566
Stairs 72,566, 72,523, 114,566
Stairs 575,369, 575,327, 617,369
Stairs 637,369, 637,327, 679,369
Stairs 575,565, 575,523, 617,565
Stairs 637,565, 637,523, 679,565

PenColor FF0000
Arrow 61,340, 4,340
Arrow -9,340, -9,314
Arrow 62,552, 6,552
Arrow -9,552, -9,578
Arrow 580,340, 628,340
Arrow 580,552, 628,552
Arrow 707,546, 707,595
Arrow 707,346, 707,297
Arrow 851,341, 880,341
Arrow 851,551, 880,551
PenColor 009900
Arrow 5,362, 62,362
Arrow -25,434, -25,388
Arrow -25,458, -25,504
Arrow 5,530, 62,530
Arrow 110,446, 57,446
Arrow 618,362, 565,362
Arrow 618,530, 565,530
Arrow 707,458, 707,504
Arrow 707,434, 707,388
Arrow 874,446, 790,446

BrushColor -1
PenColor 000000
AngleTextOut 0, Arial, 20, 134, 401, << Багратионовская
AngleTextOut 0, Arial, 30, 366, 428, Фили, 1
AngleTextOut 0, Arial, 20, 563, 466, Кутузовская >>
PenColor FFFFFF
AngleTextOut 0, Arial, 20, 133, 400, << Багратионовская
AngleTextOut 0, Arial, 30, 364, 426, Фили, 1
AngleTextOut 0, Arial, 20, 562, 465, Кутузовская >>

