size 800x562
Angle 30

BrushColor -1
PenColor E41c0c
AngleTextOut 0,Arial,20,18,176, << Спортивная
AngleTextOut 0,Arial,20,238,365, Парк культуры >>
AngleTextOut 0,Arial,25,122,268, Фрунзенская, 1
PenColor 00AFAF
AngleTextOut -90,Arial,15,798,213, пер. Хользунова
AngleTextOut 0,Arial,15,580,445, Комсомольский проспект
AngleTextOut 0,Arial,15,405,390, Московский дворец молодежи
PenColor 0

AngleTextOut 0,Arial,15,635,345, касса

BrushColor E41c0c
Polygon 377,199, 377,217, 8,217, 8,199, 
Polygon 377,335, 377,353, 7,353, 7,335, 

BrushColor 808080
Polygon 377,312, 377,306, 264,306, 264,312, 
Polygon 377,240, 377,246, 264,246, 264,240, 
Polygon 588,267, 588,284, 611,284, 623,280, 622,270, 611,267, 
Polygon 679,281, 679,270, 683,270, 683,273, 722,273, 722,270, 727,270, 727,280, 722,280, 722,278, 683,278, 683,281, 
Line 575,236, 611,236, 622,233, 622,204, 680,204, 680,241, 728,241, 728,229, 752,229, 752,180, 535,180, 508,206, 
;Line 459,310, 468,323, 476,331, 496,344, 506,348, 538,349, 547,345, 570,332, 578,323, 
Line 577,315, 610,315, 622,319, 623,346, 679,346, 680,309, 730,309, 730,320, 752,320, 752,372, 535,372, 510,345, 
Line 376,335, 377,306, 389,294, 396,283, 397,275, 394,266, 389,258, 377,246, 376,217, 
Line 7,335, 8,217, 
Line 8,240, 106,240, 106,311, 9,311, 
Dashed 276,246, 276,305, 
Dashed 377,246, 478,246, 478,306, 377,306, 
Line 622,334, 680,334, 
Spline 575,236, 542,210, 500,207, 469,223, 452,246, 
Spline 577,315, 543,340, 501,344, 471,329, 454,306, 

PenColor FF0000
Arrow 669,250, 740,250, 
PenColor 009900
Arrow 735,301, 667,301, 

