Size 1300x800
Angle -20
;Image istra.bmp

BrushColor -1
PenColor 00AFAF
AngleTextOut 15, Arial, 20, 1122, 312, Юбилейная улица
AngleTextOut 288, Arial, 20, 1066, 278, Улица Ленина

BrushColor 909090
Polygon 110,474, 990,474, 990,499, 110,499

BrushColor -1
PenColor 000000
AngleTextOut 0, Arial, 20, 109, 439, << Новоиерусалимская
AngleTextOut 0, Arial, 25, 480, 470, Истра, 1
AngleTextOut 0, Arial, 20, 767, 511, Троицкая >>

BrushColor 0000FF
SpotCircle 10, 896, 379, ShowMessage Авт. 372

BrushColor -1
PenColor FFFFFF
AngleTextOut 20, Arial, 20, 886, 371, A, 1

PenColor 000000
Line 110,499, 110,474, 990,474, 990,499, 110,499
Line 990,474, 1037,474, 1036,401, 1033,394, 1028,392, 782,392, 777,390, 775,385, 763,313, 764,306, 771,304, 857,283, 855,276, 782,293, 773,293, 763,289, 600,175
Line 1049,328, 1055,327, 1029,239, 1023,235, 877,270, 878,278, 1013,245, 1020,245, 1024,251, 1049,328
Line 990,499, 1067,499
Line 1067,499, 1066,545, 1069,566
Line 1092,499, 1080,499, 1079,546, 1089,566
Line 1089,473, 1050,473, 1050,433, 1052,427, 1059,425, 1071,425, 1075,421, 1076,412, 1054,345, 1061,343, 1088,429, 1099,519, 1120,622
Line 1143,624, 1123,521, 1111,431, 1106,384, 1109,367, 1115,351, 1125,343, 1300,297
Line 1290,259, 1115,305, 1095,307, 1081,299, 1069,283, 1023,136
Line 999,136, 1017,194, 1015,205, 1004,214, 789,266, 768,267, 749,259, 627,174
Line 1050,449, 1079,449
Line 1079,534, 1094,534
Line 1067,533, 843,533, 788,558, 71,557
Line 1036,448, 787,448, 724,412, 69,412
Line 1092,499, 1089,473


Stairs 990,474, 990,499, 1012,474

Railway 9, 13, 7, 72,461, 1304,461
Railway 9, 13, 7, 72,503, 1304,503


BrushColor FFFFFF
PenColor FFFFFF
Polygon 870,498, 870,475, 974,475, 974,498
PenColor 000000
Dashed 974,498, 974,475
Dashed 870,498, 870,475
Line 882,498, 882,485, 913,485, 913,498
Line 930,498, 930,485, 961,485, 961,493, 965,493, 965,498
Line 920,495, 925,495
Line 920,491, 925,491
Line 920,487, 925,487
Line 920,483, 925,483
Line 920,479, 925,479
Line 953,499, 953,485
PenColor 000000
AngleTextOut 90, Arial, 4, 955, 498, Кассы

;ЗЕЛЁНЫЙ МАССИВ
BrushColor 84AC60
PenColor 84AC60
Polygon 1097,649, 1068,591, 1001,557, 882,545, 814,567, 71,567, 71,648
Polygon 66,397, 561,397, 592,391, 614,374, 620,348, 613,304, 591,272, 560,250, 528,239, 132,175, 66,231

PenColor 000000
BrushColor CCCCCC
Polygon 779,401, 1013,401, 1013,423, 779,423
Polygon 744,250, 734,214, 795,198, 805,234
Polygon 623,395, 630,321, 657,324, 652,375, 693,379, 691,402
Line 652,375, 623,395


Polygon 696,348, 693,330, 743,316, 755,354
Polygon 696,348, 692,393, 756,399, 760,354
Polygon 684,296, 696,293, 695,290, 724,282, 725,285, 738,281, 747,315, 736,318, 737,321, 707,329, 706,326, 693,330
Line 724,396, 728,351
Line 689,313, 742,298
Line 696,293, 736,318
Line 725,285, 706,326
Line 710,286, 721,325

PenColor FF0000
Arrow 983,493, 1023,493
PenColor 00FF00
Arrow 1023,481, 983,481
