size 951x550

BrushColor -1
PenColor 34349C
AngleTextOut 0,Arial,20,264,212, << Партизанская
AngleTextOut 0,Arial,20,697,417, Первомайская >>
AngleTextOut 0,Arial,25,411,308, Измайловская, 1
PenColor 00AFAF
AngleTextOut 0,Arial,15,466,160, Измайловский проспект
AngleTextOut -80,Arial,15,27,18, 1-я Парковая улица
AngleTextOut -80,Arial,15,347,18, 2-я Парковая улица
AngleTextOut -80,Arial,15,905,18, 3-я Парковая улица
AngleTextOut 0,Arial,15,489,505, Измайловский парк
PenColor 0

BrushColor 34349C
Polygon 234,268, 234,234, 850,234, 850,268, 
Polygon 234,409, 234,376, 850,376, 850,409, 

BrushColor 808080
Polygon 850,351, 850,291, 818,291, 818,303, 812,310, 810,320, 812,331, 818,338, 818,351, 
Polygon 212,391, 212,347, 339,347, 339,353, 234,353, 234,391, 
Polygon 234,252, 234,290, 339,290, 339,296, 212,296, 212,252, 
Polygon 742,290, 742,296, 615,296, 615,290, 
Polygon 615,347, 615,353, 742,353, 742,347, 
Line 850,234, 850,198, 
Line 899,198, 899,458, 922,458, 922,455, 931,455, 
Line 931,485, 922,485, 922,482, 827,482, 827,485, 818,485, 
Line 818,455, 827,455, 827,458, 850,458, 850,409, 
Line 742,353, 742,376, 
Line 742,290, 742,268, 
Line 212,391, 132,391, 132,380, 127,380, 127,395, 152,395, 
Line 152,421, 20,421, 
Line 20,395, 46,395, 46,350, 29,350, 29,293, 46,293, 46,248, 21,248, 
Line 21,222, 152,222, 
Line 152,248, 127,248, 127,263, 132,263, 132,252, 212,252, 
Stairs 24,222, 24,248, 44,222, 
Stairs 150,222, 150,248, 129,222, 
Stairs 24,421, 24,395, 44,421, 
Stairs 149,421, 149,395, 129,421, 
Stairs 254,296, 254,347, 209,296, 
Stairs 274,296, 274,347, 319,296, 
Stairs 640,296, 640,347, 681,296, 
Stairs 701,296, 701,347, 734,296, 
Stairs 850,232, 899,232, 850,198, 
Stairs 850,411, 899,411, 850,458, 
Stairs 850,458, 850,482, 819,458, 
Stairs 901,458, 901,482, 931,458, 

PenColor FF0000
Arrow 807,365, 856,365, 
Arrow 157,367, 108,367, 
PenColor 009900
Arrow 852,283, 804,283, 
Arrow 107,275, 157,275, 

