size 710x1010

BrushColor -1
PenColor 4C4C4C
AngleTextOut 90,Arial,15,372,298, Нахимовский проспект >>
AngleTextOut 90,Arial,15,257,561, << Чертановская
AngleTextOut 90,Arial,20,384,636, Севастопольская, 1
PenColor 34649C
AngleTextOut 0,Arial,15,385,410, Варшавская >>
AngleTextOut 0,Arial,15,211,299, << тупик
AngleTextOut 0,Arial,20,407,297, Каховская, 1
PenColor 00AFAF
AngleTextOut 90,Arial,15,296,990, Азовская улица
AngleTextOut 90,Arial,15,310,108, Азовская улица
AngleTextOut 0,Arial,15,10,309, улица Каховка
AngleTextOut 0,Arial,15,574,293, Чонгарский бульвар
PenColor 0

BrushColor 9CA4A4
Polygon 351,134, 369,134, 369,319, 351,319, 
Polygon 277,134, 296,134, 296,319, 277,319, 
Polygon 277,404, 296,404, 296,566, 277,566, 
Polygon 351,404, 369,404, 369,566, 351,566, 
Line 277,644, 277,722, 240,722, 240,651, 
Line 217,651, 217,820, 
Line 240,820, 240,749, 278,749, 278,757, 329,757, 329,870, 380,870, 380,888, 
Line 403,887, 403,769, 
Line 382,770, 382,841, 358,841, 358,757, 369,757, 369,644, 
Dashed 304,568, 343,568, 
Dashed 304,644, 343,644, 
Dashed 309,338, 296,338, 296,352, 
Dashed 296,371, 296,385, 308,385, 
Dashed 338,338, 351,338, 351,352, 
Dashed 351,371, 351,385, 338,385, 
Stairs 217,654, 240,654, 217,717, 
Stairs 217,755, 240,755, 217,816, 
Stairs 240,722, 240,749, 252,722, 
Stairs 382,774, 403,774, 382,837, 
Stairs 380,873, 403,873, 380,887, 
Stairs 314,392, 333,392, 314,371, 
Stairs 314,331, 333,331, 314,352, 

BrushColor 34649C
Polygon 351,319, 411,319, 411,338, 351,338, 
Polygon 351,385, 411,385, 411,404, 351,404, 
Polygon 234,319, 296,319, 296,338, 234,338, 
Polygon 234,385, 296,385, 296,404, 234,404, 
Line 374,352, 333,352, 333,331, 338,331, 338,352, 
Line 273,352, 314,352, 314,331, 309,331, 309,352, 
Line 273,371, 314,371, 314,392, 309,392, 309,371, 
Line 374,371, 333,371, 333,392, 338,392, 338,371, 
Line 411,319, 514,319, 514,211, 443,211, 
Line 443,189, 607,189, 607,211, 538,211, 538,432, 607,432, 
Line 411,404, 513,404, 513,432, 443,432, 
Line 443,455, 607,455, 
Line 202,455, 47,455, 
Line 202,433, 131,433, 131,404, 234,404, 
Line 47,433, 107,433, 107,212, 47,212, 
Line 47,189, 202,189, 
Line 202,211, 131,211, 131,319, 234,319, 
Line 194,319, 194,344, 234,344, 234,338, 
Line 411,338, 411,344, 451,344, 451,319, 
Line 234,385, 234,379, 194,379, 194,404, 
Line 411,385, 411,379, 451,379, 451,404, 
Stairs 374,371, 374,352, 338,371, 
Stairs 273,352, 273,371, 309,352, 
Stairs 411,344, 411,379, 451,344, 
Stairs 234,344, 234,379, 194,344, 
Stairs 202,433, 202,455, 131,433, 
Stairs 443,432, 443,455, 513,432, 
Stairs 443,211, 443,189, 514,211, 
Stairs 202,211, 202,189, 131,211, 
Stairs 47,433, 47,455, 107,433, 
Stairs 47,212, 47,189, 107,212, 
Stairs 607,211, 607,189, 538,211, 
Stairs 607,432, 607,455, 538,432, 
Line 314,371, 333,352, 

BrushColor 808080
Polygon 369,566, 369,644, 343,644, 343,562, 351,562, 351,566, 
Polygon 277,566, 296,566, 296,562, 304,562, 304,644, 277,644, 
Polygon 298,704, 349,704, 349,718, 298,718, 
Polygon 136,338, 146,338, 146,384, 136,384, 
Polygon 498,338, 508,338, 508,384, 498,384, 
Polygon 296,134, 296,195, 300,195, 300,186, 346,186, 346,195, 351,195, 351,134, 

PenColor 0
;Line 378,361, 334,361, 323,372, 
;Arrow 323,372, 323,397, 
Line 323,397, 323,372, 334,361, 
Arrow 334,361, 378,361, 
Line 270,361, 314,361, 323,352, 
Arrow 323,352, 323,327, 
PenColor FF0000
Arrow 290,697, 290,727, 
Arrow 487,331, 521,331, 
Arrow 158,331, 124,331, 
PenColor 009900
Arrow 357,724, 357,695, 
Arrow 521,394, 489,394, 
Arrow 124,394, 156,394, 

