size 950x1190
Angle 62

BrushColor -1
PenColor F7782E
AngleTextOut 0,Arial,20,534,637, Новые Черемушки >>
AngleTextOut 0,Arial,20,440,452, << Беляево
AngleTextOut 0,Arial,25,547,546, Калужская, 1
PenColor 00AFAF
AngleTextOut 0,Arial,15,-183,547, Профсоюзная улица
AngleTextOut 0,Arial,15,966,544, Профсоюзная улица
AngleTextOut -90,Arial,15,86,371, улица Обручева
AngleTextOut -90,Arial,15,78,646, улица Обручева
TextOut Arial,15,278,846, ТК "Калужскиий"
AngleTextOut -90,Arial,15,1000,675, Хлебобулочный проезд
PenColor 0

BrushColor FC9C54
Polygon 430,479, 725,479, 725,513, 430,513, 
Polygon 430,604, 725,604, 725,638, 430,638, 

BrushColor 808080
Polygon 430,479, 430,513, 463,513, 463,521, 379,521, 379,479, 
Polygon 430,638, 430,604, 463,604, 463,596, 379,596, 379,638, 
Polygon 762,521, 776,521, 776,596, 762,596, 
Polygon 282,510, 295,510, 295,607, 281,607, 
Line 725,479, 725,408, 666,408, 
Line 666,374, 833,374, 
Line 833,408, 755,408, 755,479, 918,479, 918,638, 755,638, 755,695, 835,695, 
Line 835,729, 663,729, 
Line 663,695, 725,695, 725,638, 
Line 725,604, 725,513, 
Line 776,521, 854,521, 
Line 776,558, 854,558, 
Line 776,596, 854,596, 
Line 379,638, 270,638, 270,741, 350,741, 
Line 350,775, 178,775, 
Line 178,741, 241,741, 241,638, 193,638, 127,572, -2,572, -2,776, -73,776, 
Line -73,741, -32,741, -32,404, -73,404, 
Line -73,370, -2,370, -2,542, 127,542, 191,478, 240,478, 240,403, 181,403, 
Line 181,368, 343,368, 
Line 343,403, 270,403, 270,479, 379,479, 
Line 152,550, 193,509, 227,509, 227,607, 193,607, 152,566, 152,550, 
Line 464,558, 380,558, 
Dashed 461,521, 461,558, 
Dashed 381,521, 381,558, 
Dashed 851,521, 851,558, 
Stairs 669,374, 669,408, 719,374, 
Stairs 761,374, 761,408, 831,374, 
Stairs 854,558, 854,596, 776,558, 
Stairs 833,695, 833,729, 761,695, 
Stairs 666,695, 666,729, 721,695, 
Stairs 341,368, 341,403, 276,368, 
Stairs 234,368, 234,403, 184,368, 
Stairs 278,741, 278,775, 348,741, 
Stairs 181,741, 181,775, 236,741, 
Stairs -73,370, -73,404, -38,370, 
Stairs -73,741, -73,776, -36,741, 
Stairs 381,558, 381,596, 461,558, 

PenColor FF0000
Arrow 781,497, 757,497, 
Arrow 498,535, 469,535, 
Arrow 863,538, 885,538, 
Arrow 300,491, 275,491, 
PenColor 009900
Arrow 884,575, 862,575, 
Arrow 761,619, 782,619, 
Arrow 347,575, 375,575, 
Arrow 280,624, 301,624, 

