size 732x1100
Angle -65

BrushColor -1
PenColor 046434
AngleTextOut 0,Arial,20,175,465, << Каширская
AngleTextOut 0,Arial,20,449,619, Царицыно >>
AngleTextOut 0,Arial,25,274,540, Кантемировская, 1
PenColor 00AFAF
AngleTextOut 55,Arial,15,49,407, Кантемировская улица
AngleTextOut 0,Arial,15,-217,541, Пролетарский проспект
AngleTextOut 0,Arial,15,780,542, Пролетарский проспект
PenColor 0

BrushColor 046434
Polygon 162,489, 561,489, 561,512, 162,512, 
Polygon 162,592, 561,592, 561,615, 162,615, 

BrushColor 808080
Polygon 663,516, 698,516, 698,588, 663,588, 
Polygon 25,516, 60,516, 60,588, 25,588, 
Line 561,489, 561,485, 663,485, 663,488, 701,488, 701,484, 711,484, 711,404, 635,404, 
Line 635,374, 791,374, 
Line 791,405, 750,405, 750,713, 791,713, 
Line 791,752, 710,752, 710,618, 700,618, 700,615, 662,615, 662,619, 561,619, 561,615, 
Line 162,512, 162,523, 200,523, 
Line 162,592, 162,581, 200,581, 
Line 561,592, 561,581, 524,581, 
Line 561,512, 561,523, 524,523, 
Line 162,489, 162,485, 61,485, 61,488, 23,488, 23,484, 13,484, 13,379, -106,379, 
Line 162,615, 162,619, 61,619, 61,615, 23,615, 23,619, 13,619, 13,689, 89,689, 
Line 89,720, -106,720, 
Line -106,689, -26,689, -26,613, -35,613, -35,489, -26,489, -26,412, -106,412, 
Stairs 783,405, 783,374, 755,405, 
Stairs 706,404, 706,374, 678,404, 
Stairs 667,404, 667,374, 639,404, 
Stairs 783,752, 783,713, 754,752, 
Stairs 561,581, 561,523, 526,581, 
Stairs 162,581, 162,523, 200,581, 
Stairs 85,720, 85,689, 56,720, 
Stairs 46,720, 46,689, 18,720, 
Stairs -32,720, -32,689, -60,720, 
Stairs -70,720, -70,689, -98,720, 
Stairs -31,412, -31,379, -59,412, 
Stairs -70,412, -70,379, -98,412, 

PenColor FF0000
Arrow 660,602, 712,602, 
Arrow 522,564, 572,564, 
Arrow 202,564, 152,564, 
Arrow 64,602, 12,602, 
PenColor 009900
Arrow 709,501, 650,501, 
Arrow 568,539, 516,539, 
Arrow 156,539, 209,539, 
Arrow 15,501, 74,501, 

