size 712x765
Angle -40

Line 302,316, 302,360, 408,360, 408,316, 
Line 432,316, 432,447, 
Line 408,447, 408,403, 302,403, 302,447, 
Line 278,447, 278,316, 
Line 253,234, 457,234, 
Line 253,529, 457,529, 
Line 391,104, 391,201, 449,201, 449,53, 446,49, 457,36, 457,46, 
Line 457,2, 457,12, 451,12, 442,14, 432,19, 426,25, 421,32, 415,29, 418,25, 410,21, 401,18, 399,23, 385,18, 370,15, 338,15, 324,18, 311,23, 307,18, 299,20, 292,25, 294,28, 289,32, 284,26, 277,19, 267,14, 253,12, 253,2, 
Line 253,46, 253,35, 264,48, 261,51, 261,201, 319,201, 319,104, 
Line 449,234, 449,296, 440,296, 440,269, 449,269, 
Line 392,234, 392,297, 401,297, 401,268, 392,268, 
Line 320,234, 320,295, 311,295, 311,269, 320,269, 
Line 260,234, 260,296, 269,296, 269,269, 260,269, 
Line 448,529, 448,466, 439,466, 439,493, 448,493, 
Line 391,529, 391,466, 400,466, 400,494, 391,494, 
Line 318,529, 318,466, 309,466, 309,494, 318,494, 
Line 262,529, 262,467, 270,467, 270,494, 262,494, 
Line 391,660, 391,563, 449,563, 449,712, 447,715, 458,730, 458,719, 
Line 319,660, 319,563, 261,563, 261,712, 263,714, 252,730, 252,719, 
Line 252,762, 252,752, 259,752, 268,750, 277,744, 284,738, 288,731, 293,735, 291,739, 300,742, 308,745, 310,741, 325,745, 338,748, 371,748, 387,746, 399,741, 401,745, 411,743, 419,739, 417,735, 421,733, 428,741, 434,746, 447,751, 458,753, 458,762, 
Dashed 435,113, 449,113, 
Dashed 261,113, 275,113, 
Dashed 275,248, 261,248, 
Dashed 435,248, 449,248, 
Dashed 275,515, 262,515, 
Dashed 435,515, 449,515, 
Dashed 275,650, 261,650, 
Dashed 435,650, 449,650, 
Stairs 281,104, 319,104, 281,146, 
Stairs 319,201, 281,201, 319,165, 
Stairs 391,201, 429,201, 391,165, 
Stairs 391,104, 429,104, 391,145, 
Stairs 281,234, 320,234, 281,248, 
Stairs 429,234, 392,234, 429,248, 
Stairs 302,316, 278,316, 302,360, 
Stairs 408,316, 432,316, 408,360, 
Stairs 302,447, 278,447, 302,403, 
Stairs 408,447, 432,447, 408,403, 
Stairs 281,529, 318,529, 281,515, 
Stairs 429,529, 391,529, 429,515, 
Stairs 281,563, 319,563, 281,600, 
Stairs 281,660, 319,660, 281,620, 
Stairs 391,563, 429,563, 391,600, 
Stairs 391,660, 429,660, 391,620, 
Stairs 383,360, 383,403, 395,360, 
Stairs 327,360, 327,403, 314,360, 

Dashed 319,145, 391,145, 
Dashed 319,165, 391,165, 
Dashed 319,600, 391,600, 
Dashed 319,620, 391,620, 

BrushColor 047C54
Polygon 383,234, 383,360, 355,360, 355,234, 
Polygon 355,403, 383,403, 383,529, 355,529, 
Polygon 327,234, 353,234, 353,360, 327,360, 
Polygon 327,403, 353,403, 353,529, 327,529, 

BrushColor 34649C
Polygon 457,234, 484,234, 484,529, 457,529, 
Polygon 253,234, 226,234, 226,529, 253,529, 

BrushColor 808080
Polygon 275,104, 281,104, 281,201, 275,201, 
Polygon 429,104, 435,104, 435,201, 429,201, 
Polygon 429,563, 435,563, 435,660, 429,660, 
Polygon 275,563, 281,563, 281,660, 275,660, 
Polygon 429,234, 435,234, 435,248, 429,248, 
Polygon 275,234, 281,234, 281,248, 275,248, 
Polygon 275,515, 281,515, 281,529, 275,529, 
Polygon 429,515, 435,515, 435,529, 429,529, 

PenColor FF0000
Arrow 463,27, 495,27, 
Arrow 248,27, 215,27, 
Arrow 249,739, 216,739, 
Arrow 463,738, 495,738, 
Arrow 442,141, 442,92, 
Arrow 267,141, 267,92, 
Arrow 267,623, 267,665, 
Arrow 442,623, 442,666, 
PenColor 009900
Arrow 354,179, 354,115, 
Arrow 353,586, 353,648, 
Arrow 299,96, 299,155, 
Arrow 410,97, 410,154, 
Arrow 299,666, 299,608, 
Arrow 410,665, 410,609, 

BrushColor -1
PenColor 0
AngleTextOut 0,Arial,15,332,-4, Кассы
AngleTextOut 0,Arial,15,335,750, Кассы
PenColor 046434
PenColor 0
AngleTextOut 90,Arial,15,327,525, << Кантемировская
AngleTextOut 90,Arial,15,368,340, Коломенская >>
AngleTextOut 90,Arial,20,346,428, Каширская, 1
PenColor FFFFFF
AngleTextOut 90,Arial,15,326,527, << Кантемировская
AngleTextOut 90,Arial,15,367,342, Коломенская >>
AngleTextOut 90,Arial,20,345,430, Каширская, 1
PenColor 34649C
AngleTextOut 90,Arial,20,187,416, Каширская, 1
PenColor 0
AngleTextOut 90,Arial,15,229,520, << Варшавская
AngleTextOut 90,Arial,15,469,296, тупик >>
PenColor FFFFFF
AngleTextOut 90,Arial,15,228,522, << Варшавская
AngleTextOut 90,Arial,15,468,298, тупик >>
PenColor 00AFAF
AngleTextOut 0,Arial,15,50,359, Каширское шоссе
AngleTextOut 0,Arial,15,586,357, Каширское шоссе
PenColor 0

