Size 740x700
Angle 210

BrushColor -1
PenColor 2C7CAC
AngleTextOut 180, Arial, 15, 693, 335, "<< Студенческая, Выставочная"
AngleTextOut 180, Arial, 15, 305, 235, Смоленская >>
AngleTextOut 180, Arial, 25, 566, 289, Киевская, 1
PenColor 34349C
AngleTextOut 180, Arial, 15, 675, 521, << Парк Победы
AngleTextOut 180, Arial, 15, 308, 428, Смоленская >>
AngleTextOut 180, Arial, 25, 565, 479, Киевская, 1
PenColor 9B5509
AngleTextOut 90, Arial, 12, 320, 706, << Краснопресненская
AngleTextOut 90, Arial, 12, 442, 422, Парк Культуры >>
AngleTextOut 90, Arial, 20, 376, 621, Киевская, 1
PenColor 00AFAF
AngleTextOut 180, Arial, 15, 570, 135, Киевский вокзал
AngleTextOut 180, Arial, 15, 795, 233, Киевская улица
AngleTextOut 90, Arial, 10, 85, 467, 'ТРЦ "Европейский"'
PenColor 000000

Stairs 620,264, 620,286, 638,264
Stairs 655,193, 641,193, 655,207
Stairs 557,168, 557,149, 577,168
Stairs 641,456, 629,456, 641,437
Stairs 659,456, 648,456, 659,437

Stairs 641,490, 629,490, 641,473
Stairs 659,490, 648,490, 659,473

Stairs 380,452, 364,452, 380,429
Stairs 404,452, 388,452, 404,429
Stairs 376,551, 376,561, 354,551
Stairs 376,568, 376,578, 354,568
Stairs 405,594, 405,585, 427,594
Stairs 405,610, 405,601, 427,610
Stairs 354,286, 354,281, 336,286
Stairs 189,264, 189,287, 218,264
Stairs 141,303, 141,292, 132,303
Stairs 88,372, 106,372, 88,337
Stairs 91,158, 107,158, 91,197
Stairs 174,217, 174,205, 148,217
Stairs 118,217, 118,205, 140,217
Stairs 165,317, 201,317, 165,303
Stairs 165,337, 201,337, 165,325
Stairs 435,198, 435,189, 441,198
Stairs 428,170, 423,165, 432,168
Stairs 608,193, 620,193, 608,198
Stairs 611,456, 611,473, 620,456

BrushColor 2C7CAC
Polygon 207,238, 207,249, 373,249, 373,238
Polygon 404,238, 404,249, 640,249, 640,243, 636,243, 636,238
Polygon 208,303, 208,314, 331,314, 331,303
Polygon 354,309, 354,314, 374,314, 374,309
Polygon 404,309, 404,314, 487,314, 473,308, 436,308, 436,303, 427,303, 427,309
Polygon 644,303, 644,313, 539,313, 513,303

BrushColor 34349C
Polygon 146,429, 146,439, 364,439, 364,429
Polygon 388,429, 388,439, 380,439, 380,429
Polygon 404,429, 404,439, 629,439, 629,429
Polygon 641,429, 641,439, 648,439, 648,429
Polygon 659,429, 659,439, 682,439, 682,429
Polygon 629,490, 629,500, 198,500, 198,490
Polygon 176,490, 176,500, 146,500, 146,490
Polygon 641,490, 648,490, 648,500, 641,500
Polygon 659,490, 682,490, 682,500, 659,500

BrushColor 9B5509
Polygon 354,429, 342,429, 342,412, 354,412
Polygon 427,429, 427,412, 440,412, 440,429
Polygon 341,500, 354,500, 354,551, 341,551
Polygon 341,561, 341,568, 354,568, 354,561
Polygon 341,578, 354,578, 354,645, 341,645
Polygon 427,500, 440,500, 440,585, 427,585
Polygon 427,594, 427,601, 440,601, 440,594
Polygon 427,610, 440,610, 440,645, 427,645

BrushColor 808080
Polygon 369,645, 369,626, 379,626, 379,632, 404,632, 404,626, 413,626, 413,645
Polygon 682,479, 659,479, 659,473, 668,473, 668,456, 659,456, 659,449, 682,449
Polygon 629,480, 594,480, 594,473, 629,473
Polygon 641,480, 648,480, 648,473, 641,473
Polygon 641,449, 648,449, 648,456, 641,456
Polygon 629,456, 594,456, 594,449, 629,449
Polygon 190,507, 184,507, 184,472, 190,472
Polygon 354,301, 374,301, 374,295, 354,295
Polygon 404,301, 404,295, 415,295, 418,298, 415,301
Polygon 125,344, 125,337, 131,337, 131,344

Line 91,156, 91,293, 88,293, 88,372
Line 107,156, 107,198, 114,205, 174,205
Line 174,217, 116,217, 116,239, 125,239, 125,262, 116,262, 116,292, 132,292, 132,292, 142,292
Line 148,303, 148,252, 151,249, 207,249, 207,261, 189,261, 189,264, 211,264, 211,256
Line 212,295, 212,287, 188,287, 188,290, 208,290, 208,303, 198,303, 198,307, 201,307, 201,407
Line 106,344, 113,344, 113,337, 106,337, 106,379, 174,379, 174,407
Line 132,303, 165,303, 165,342, 141,342, 141,336, 148,336, 148,303
Line 146,439, 146,449, 300,449, 300,456, 170,456, 170,473, 176,473, 176,574, 313,574, 313,578, 376,578
Line 376,568, 326,568, 326,561, 376,561
Line 376,551, 313,551, 313,555, 198,555, 198,472, 300,472, 300,479, 198,479
Line 176,479, 146,479, 146,490
Line 207,500, 221,536, 251,536, 251,531, 258,531, 258,540, 309,540, 309,531
Line 309,512, 309,505, 258,505, 258,513, 251,513, 251,510, 240,510, 236,500
Line 303,512, 341,512
Line 303,531, 341,531
Line 440,512, 524,512, 524,536, 518,536, 518,550, 504,564, 509,569, 477,606, 465,610, 405,610
Line 405,601, 458,601, 468,599, 476,590, 480,581, 467,592, 457,594, 405,594
Line 405,585, 452,585, 463,582, 495,550, 495,536, 476,536, 467,531, 440,531
Line 364,452, 364,405, 331,372, 331,281, 354,281, 354,286, 373,286, 373,272, 382,263, 395,263, 404,272, 404,287, 421,287, 426,290, 483,290, 647,359, 655,367, 655,415, 658,417, 659,456
Line 648,456, 648,420, 644,417, 641,420, 641,456
Line 629,456, 629,419, 634,414, 634,376, 487,314
Line 404,314, 404,338, 394,347, 384,347, 374,338, 374,314
Line 354,314, 354,352, 404,402, 404,452
Line 388,452, 388,404, 384,400, 380,404, 380,452
Line 414,235, 422,227, 416,221, 422,215, 422,193, 416,193, 416,201, 404,201, 404,216, 394,226, 382,226, 373,217, 373,201, 366,201, 361,196, 361,186, 366,179, 375,173, 383,171, 383,164, 372,167, 364,172, 357,180, 345,175, 347,171
Line 353,166, 364,158, 381,154, 398,155, 410,158, 423,165, 426,162
Line 432,168, 428,170, 441,189, 435,189
Line 441,198, 435,198, 435,207, 439,203, 443,207, 455,195
Line 557,159, 565,159
Line 557,149, 564,149, 564,147, 634,147, 634,149, 667,149, 671,153, 667,157, 654,157, 654,160, 667,160
Line 667,169, 656,169, 656,173, 659,173, 659,184, 669,184
Line 557,168, 564,168, 564,170, 601,170, 601,193, 608,193, 608,198
Line 620,198, 620,193, 626,193, 626,170, 636,170, 636,193, 641,193, 641,208, 635,208, 635,204, 622,204, 622,217, 628,225, 636,229, 639,229, 639,233, 636,233, 636,238
Line 669,197, 660,197, 660,193, 655,193, 655,207, 660,207, 660,205, 674,205, 674,217, 670,224, 665,228, 660,229, 657,229, 657,232, 660,232, 660,243, 657,243, 657,249, 660,249, 671,260, 681,260, 681,282, 660,303, 644,303
Line 626,302, 614,290, 639,290, 639,286, 619,286
Line 619,264, 638,264, 638,260, 613,260, 624,249
Line 682,490, 682,479
Line 682,449, 682,439
Line 354,645, 369,645
Line 413,645, 427,645
Line 354,286, 336,286
Line 629,473, 629,490
Line 641,490, 641,473
Line 648,490, 648,473
Line 659,490, 659,473
Line 629,500, 659,500
Dashed 557,168, 432,168, 426,162, 426,150, 557,150
Dashed 373,210, 404,210, 404,238, 373,238, 373,210
Dashed 373,249, 404,249, 404,280, 373,280, 373,249
Dashed 404,402, 404,326, 374,326, 374,507, 404,507, 404,453
Dashed 374,469, 381,462, 389,459, 397,462, 404,469
Dashed 490,536, 490,513
Dashed 303,531, 303,512
Dashed 341,512, 440,512
Dashed 341,531, 440,531
Dashed 259,472, 259,456
Dashed 212,472, 212,456
Dashed 176,479, 198,479
Dashed 176,490, 198,490
Dashed 176,500, 198,500
Dashed 207,500, 174,407
Dashed 236,500, 201,407

PenColor FF0000
Arrow 136,350, 136,328
Arrow 444,605, 458,605
Arrow 653,462, 653,445
Arrow 635,462, 635,445

PenColor 009900
Arrow 396,416, 396,434
Arrow 370,416, 370,434
Arrow 120,328, 120,350
Arrow 457,589, 443,589

