Size 992x906
Angle 30

BrushColor -1
PenColor AC24AC
AngleTextOut -90, Arial, 20, 616, 275, << Кузнецкий мост
AngleTextOut -90, Arial, 20, 500, 344, Таганская >>
AngleTextOut -90, Arial, 25, 738, 319, Китай-город, 1
PenColor F7782E
AngleTextOut -90, Arial, 20, 592, 308, Третьяковская >>
AngleTextOut -90, Arial, 20, 710, 275, << Тургеневская
AngleTextOut -90, Arial, 25, 740, 317, Китай-город, 1
PenColor 00AFAF
AngleTextOut 0, Arial, 15, 550, 678, Славянская площадь
AngleTextOut -90, Arial, 15, 815, 767, Солянский тупик
AngleTextOut -90, Arial, 15, 469, 484, площадь Варварские ворота
AngleTextOut 0, Arial, 15, 369, 697, улица Варварка
AngleTextOut -90, Arial, 15, 514, 114, Лубянский проезд
AngleTextOut -90, Arial, 15, 343, 208, Старая площадь
AngleTextOut 50, Arial, 15, 392, 893, Китайгородский проезд
AngleTextOut 0, Arial, 15, 605, 61, улица Маросейка
AngleTextOut 0, Arial, 15, 165, 74, улица Ильинка
PenColor 000000


BrushColor FC9C54
Polygon 557,392, 570,392, 570,461, 557,461
Polygon 557,302, 570,302, 570,374, 557,374
Polygon 674,302, 687,302, 687,461, 674,461

BrushColor AC1CAC
Polygon 614,374, 614,302, 627,302, 627,374
Polygon 614,461, 614,392, 627,392, 627,461
Polygon 497,461, 497,302, 510,302, 510,461
Line 540,392, 644,392
Line 540,374, 644,374
Line 510,461, 518,461, 518,436, 523,436, 523,470, 534,475, 544,470, 544,436, 549,436, 549,461, 557,461
Line 627,461, 635,461, 635,435, 640,435, 640,470, 651,475, 661,470, 661,436, 666,436, 666,461, 674,461

Line 764,770, 764,737, 722,695, 722,642
Line 709,642, 709,682, 676,649, 676,532, 661,532, 661,527, 655,524
Line 646,524, 640,527, 640,532, 544,532, 544,527, 538,523
Line 529,523, 523,527, 523,532, 508,532, 508,647, 477,725, 416,725
Line 416,741, 449,741, 449,770
Line 463,770, 463,741, 518,741, 518,777
Line 537,777, 537,687
Line 518,687, 518,725, 498,725, 527,653, 527,640, 585,640, 585,663, 592,670, 636,670
Line 636,657, 599,657, 599,640, 656,640, 656,660, 750,754, 750,784, 777,784, 777,757
Line 572,593, 572,577, 533,577, 533,593
Line 650,595, 650,577, 610,577, 610,593

Line 510,302, 518,302, 518,264, 475,264, 448,237
Line 557,302, 547,302, 547,265, 636,265, 636,302, 627,302
Line 674,302, 666,302, 666,231, 478,231, 466,219
Line 394,183, 417,206, 426,207, 433,204, 436,197, 435,188, 412,165
Line 408,196, 400,200, 389,199, 379,195, 372,188, 367,181, 365,175, 365,107, 381,107, 381,130, 378,130, 378,88, 306,88, 301,93, 301,154
Line 288,154, 288,7
Line 301,7, 301,58, 306,63, 443,63, 443,38, 407,38
Line 407,25, 459,25, 459,63, 512,63, 512,32, 518,26, 562,26
Line 562,39, 526,39, 526,75, 556,105, 605,105, 605,94
Line 621,94, 621,119, 550,119, 550,172, 527,172
Line 527,158, 537,158, 537,108, 518,89, 492,89, 492,108, 459,108, 459,116, 477,116
Line 477,129, 426,129
Line 426,116, 443,116, 443,108, 422,108, 422,175

BrushColor 848484
Polygon 422,108, 408,108, 408,131, 412,131, 412,116, 422,116
Dashed 417,206, 448,237, 466,219, 435,188
Dashed 394,183, 412,165
Dashed 640,467, 661,467, 661,532, 640,532, 640,467
Dashed 523,532, 523,467, 544,467, 544,532, 523,532

Stairs 777,759, 750,759, 777,769
Stairs 709,677, 722,677, 709,667
Stairs 722,658, 709,658, 722,648
Stairs 631,670, 631,657, 621,670
Stairs 613,657, 613,670, 603,657
Stairs 599,653, 585,653, 599,648
Stairs 518,692, 537,692, 518,702
Stairs 537,710, 518,710, 537,720
Stairs 518,745, 537,745, 518,755
Stairs 537,763, 518,763, 537,773
Stairs 472,741, 472,725, 467,741
Stairs 445,741, 445,725, 435,741
Stairs 425,725, 425,741, 420,725
Stairs 640,392, 640,374, 628,392
Stairs 555,392, 555,374, 543,392
Stairs 518,298, 547,298, 518,288
Stairs 547,279, 518,279, 547,269
Stairs 636,298, 666,298, 636,288
Stairs 666,279, 636,279, 666,269
Stairs 288,150, 301,150, 288,140
Stairs 301,130, 288,130, 301,120
Stairs 288,10, 301,10, 288,20
Stairs 301,33, 288,33, 301,43
Stairs 410,38, 410,25, 420,38
Stairs 428,25, 428,38, 438,25
Stairs 443,51, 459,51, 443,56
Stairs 560,26, 560,39, 550,26
Stairs 540,39, 540,26, 530,39
Stairs 526,43, 512,43, 526,53
Stairs 600,105, 600,119, 590,105
Stairs 578,119, 578,105, 568,119
Stairs 550,134, 537,134, 550,149
Stairs 473,129, 473,116, 463,129
Stairs 429,129, 429,116, 439,129
Stairs 443,114, 459,114, 443,110
Stairs 381,124, 408,124, 381,109
Stairs 605,97, 621,97, 605,102

PenColor FF0000
Arrow 663,570, 663,604
Arrow 520,569, 520,603
Arrow 660,284, 660,251
Arrow 523,284, 523,250
PenColor 009900
Arrow 605,601, 605,562
Arrow 578,601, 578,563
Arrow 642,284, 642,315
Arrow 541,285, 541,315

