size 725x1137
Angle -90

BrushColor -1
PenColor 046434
AngleTextOut 0,Arial,20,179,483, << Автозаводская
AngleTextOut 0,Arial,20,390,643, Каширская >>
AngleTextOut 0,Arial,25,269,560, Коломенская, 1
PenColor 00AFAF
AngleTextOut 90,Arial,15,738,316, улица Новинки
AngleTextOut 90,Arial,15,739,901, улица Нагатинская
AngleTextOut 0,Arial,15,764,561, проспект Андропова
AngleTextOut 0,Arial,15,-186,561, проспект Андропова
PenColor 0

BrushColor 046434
Polygon 172,504, 492,504, 492,531, 172,531, 
Polygon 172,611, 492,611, 492,638, 172,638, 

BrushColor 808080
Polygon 111,504, 172,504, 172,542, 111,542, 
Polygon 492,504, 553,504, 553,542, 492,542, 
Polygon 172,638, 111,638, 111,600, 172,600, 
Polygon 492,600, 492,638, 553,638, 553,600, 
Polygon 7,535, 42,535, 42,607, 7,607, 
Polygon 622,535, 657,535, 657,607, 622,607, 
Line 553,504, 621,504, 621,507, 660,507, 660,503, 670,503, 670,417, 571,417, 
Line 571,390, 770,390, 
Line 756,390, 756,362, 873,362, 873,418, 841,418, 
Line 856,390, 786,390, 
Line 801,418, 709,418, 709,713, 911,713, 
Line 911,741, 571,741, 
Line 571,713, 670,713, 670,637, 659,637, 659,634, 621,634, 621,638, 553,638, 
Line 111,504, 43,504, 43,507, 5,507, 5,503, -5,503, -5,391, 41,391, 
Line 41,364, -88,364, 
Line -88,392, -44,392, -44,713, -88,713, 
Line -88,741, 41,741, 41,713, -5,713, -5,637, 6,637, 6,634, 44,634, 44,638, 111,638, 
Stairs 801,418, 801,390, 786,418, 
Stairs 841,418, 841,390, 855,418, 
Stairs 756,390, 756,418, 770,390, 
Stairs 575,417, 575,390, 615,417, 
Stairs 629,417, 629,390, 665,417, 
Stairs 908,741, 908,713, 880,741, 
Stairs 665,741, 665,713, 629,741, 
Stairs 614,741, 614,713, 575,741, 
Stairs 524,599, 524,541, 553,600, 
Stairs 512,598, 512,542, 487,600, 
Stairs 153,599, 153,543, 177,600, 
Stairs 141,599, 141,542, 111,600, 
Stairs 36,391, 36,364, 0,391, 
Stairs -85,392, -85,364, -57,392, 
Stairs -85,741, -85,713, -56,741, 
Stairs 41,741, 41,713, -1,741, 

PenColor FF0000
Arrow 616,621, 662,621, 
Arrow 516,583, 561,583, 
Arrow 150,583, 100,583, 
Arrow 52,621, 3,621, 
PenColor 009900
Arrow 661,520, 615,520, 
Arrow 561,558, 516,558, 
Arrow 104,558, 150,558, 
Arrow 3,520, 53,520, 

