Size 680x680
Angle 20

BrushColor -1
PenColor E41C0C
AngleTextOut 0, Arial, 15, 389, 426, << Красные ворота
AngleTextOut 0, Arial, 15, 449, 509, Красносельская >>
AngleTextOut 0, Arial, 20, 403, 536, Комсомольская, 1
PenColor 543C04
AngleTextOut -90, Arial, 15, 294, 304, << Проспект Мира
AngleTextOut -90, Arial, 15, 234, 517, Курская >>
AngleTextOut -90, Arial, 20, 175, 342, Комсомольская, 1
PenColor 00AFAF
AngleTextOut 0, Arial, 15, 416, 586, Комсомольская площадь
AngleTextOut 0, Arial, 15, 328, 290, Краснопрудная улица
AngleTextOut 0, Arial, 15, 423, 117, Ярославский вокзал
AngleTextOut 0, Arial, 15, 157, 115, Ленинградский вокзал
AngleTextOut -90, Arial, 15, 129, 9, 'платформа "Каланчевская"'
AngleTextOut -90, Arial, 10, 323, 86, к Казанскому вокзалу >>
AngleTextOut 0, Arial, 15, 335, 659, Казанский вокзал
PenColor 000000

BrushColor E41C0C
Polygon 571,463, 571,455, 482,455, 482,463
Polygon 470,463, 470,455, 381,455, 381,463
Polygon 571,501, 571,493, 482,493, 482,501
Polygon 470,501, 470,493, 381,493, 381,501
Line 470,463, 470,471, 439,471
Line 439,485, 470,485, 470,493
Line 482,493, 482,485, 511,485
Line 511,471, 482,471, 482,463
Line 590,490, 571,490
Line 590,465, 571,465
Line 320,656, 307,656, 307,668
Line 281,656, 292,656, 292,668
Line 377,635, 419,635, 419,625, 414,625, 414,617
Line 436,617, 436,626, 431,626, 431,635, 436,635, 436,652, 419,652, 419,648, 377,648, 377,653
Spline 327,364, 316,378, 328,393
Line 381,465, 359,465
Line 381,491, 359,491
Dashed 392,218, 407,204
Dashed 379,206, 394,191
Dashed 355,207, 340,191
Dashed 325,236, 310,221
Stairs 362,491, 362,465, 375,491
Stairs 441,485, 441,471, 450,485
Stairs 457,471, 457,485, 465,471
Stairs 486,485, 486,471, 495,485
Stairs 501,471, 501,485, 510,471
Stairs 577,465, 577,490, 586,465
Stairs 413,635, 413,648, 404,635
Stairs 397,648, 397,635, 380,648

BrushColor 9B5509
Polygon 291,584, 303,584, 303,282, 291,282
Polygon 233,584, 245,584, 245,282, 233,282
Line 398,95, 398,32, 403,32
Line 403,15, 399,15, 399,10
Line 372,10, 372,14, 335,14, 335,45, 309,71, 309,220
Line 384,95, 384,73, 348,73, 348,95
Line 335,95, 335,63, 321,77, 321,208
Line 338,127, 338,123, 354,123, 354,131, 348,131, 348,156, 360,156, 360,162, 350,162, 347,165, 341,159, 333,167, 339,173, 335,177, 335,196
Line 394,126, 394,123, 381,123, 381,131, 387,131, 387,156, 375,156, 375,162, 382,162, 386,166, 392,160, 401,169, 395,175, 399,179, 399,196
Line 341,190, 310,221, 246,221, 246,245, 254,245, 254,282
Line 358,203, 316,245, 282,245, 282,282
Line 346,214, 360,214, 359,222, 351,222, 351,243, 353,244, 353,251, 340,251
Line 386,214, 375,214, 375,222, 383,222, 383,244, 380,244, 380,252, 393,252
Line 395,192, 600,397, 600,430, 606,434, 609,439, 609,517, 607,522, 600,529, 594,531, 584,531, 578,528, 572,522, 570,517, 570,511, 382,511, 382,518, 379,523, 373,525, 373,525, 373,577, 379,577, 383,579, 385,584, 385,618, 377,618, 377,625, 383,625, 383,635
Line 376,203, 578,405, 578,430, 571,436, 569,445, 380,445, 380,439, 377,433, 373,431, 373,408, 377,408, 390,395, 390,361, 377,348, 346,348, 330,364, 312,364, 312,393, 333,393, 348,408, 348,431, 343,433, 340,439, 340,517, 344,523, 349,525, 349,577, 342,577, 338,579, 337,584, 337,618, 344,618, 344,626, 338,626, 338,652
Line 308,245, 308,364, 321,364, 321,240
Line 281,644, 292,644, 292,637, 308,621, 308,393, 322,393, 322,626, 307,641, 307,644, 320,644
Line 244,584, 291,584
Line 260,475, 260,443, 274,443, 274,475
Line 260,375, 260,407, 274,407, 275,375
Spline 260,390, 268,395, 275,390
Spline 260,459, 267,454, 274,459
Spline 224,437, 190,431, 172,409
Spline 223,415, 206,413, 197,405, 195,393
Spline 206,393, 218,378, 206,364
Line 172,409, 172,364, 221,364, 221,393, 195,393
Line 223,412, 233,412
Line 224,439, 233,439
Dashed 233,439, 260,439, 260,443
Dashed 274,443, 274,407
Dashed 275,375, 260,375
Dashed 260,407, 261,412, 233,412
Dashed 221,393, 307,393
Dashed 221,364, 308,364
Dashed 198,393, 198,364
Dashed 331,364, 331,393
Stairs 282,277, 254,277, 282,268
Stairs 254,259, 282,259, 254,251
Stairs 335,95, 348,95, 335,86
Stairs 384,95, 398,95, 384,86

BrushColor 808080
Polygon 249,584, 249,573, 255,573, 255,584
Polygon 287,584, 281,584, 281,573, 287,573
Polygon 254,282, 254,294, 248,294, 248,282
Polygon 288,282, 288,294, 282,294, 282,282
Polygon 359,252, 359,244, 363,244, 363,252
Polygon 372,252, 372,244, 376,244, 376,252
Polygon 359,133, 359,124, 363,124, 363,133
Polygon 372,133, 372,124, 376,124, 376,133

PenColor FF0000
Arrow 268,401, 268,419
Arrow 189,387, 206,387
Arrow 355,520, 355,541
Arrow 369,169, 369,143
Arrow 331,222, 345,208
Arrow 418,237, 403,222
Arrow 273,307, 273,286
Arrow 380,473, 355,473
Arrow 368,231, 368,261
PenColor 009900
Arrow 267,471, 267,494
Arrow 206,370, 189,370
Arrow 367,541, 367,520
Line 342,78, 342,95
Line 391,78, 391,95
Dashed 342,95, 342,168
Dashed 391,95, 391,170
Arrow 342,168, 350,176
Arrow 391,170, 383,178
Arrow 337,202, 322,217
Arrow 411,215, 426,230
Arrow 263,286, 263,307
Arrow 355,483, 380,483

