size 706x1040
Angle 68

BrushColor -1
PenColor F7782E
AngleTextOut 0,Arial,20,399,609, Беляево >>
AngleTextOut 0,Arial,20,171,426, << Теплый Стан
AngleTextOut 0,Arial,25,273,519, Коньково, 1
PenColor 00AFAF
AngleTextOut 0,Arial,15,754,521, Профсоюзная улица
AngleTextOut 0,Arial,15,-185,524, Профсоюзная улица
AngleTextOut -90,Arial,15,329,237, улица Островитянова
AngleTextOut -90,Arial,15,328,664, улица Островитянова
PenColor 0

BrushColor FC9C54
Polygon 166,447, 495,447, 495,481, 166,481, 
Polygon 166,572, 495,572, 495,606, 166,606, 

BrushColor 808080
Polygon 495,447, 549,447, 549,489, 463,489, 463,481, 495,481, 
Polygon 495,606, 495,572, 463,572, 463,564, 549,564, 549,606, 
Polygon 166,447, 112,447, 112,489, 166,489, 
Polygon 166,606, 166,564, 112,564, 112,606, 
Polygon 625,478, 646,478, 646,575, 625,575, 
Polygon 15,478, 36,478, 36,575, 15,575, 
Line 549,447, 657,447, 657,387, 580,387, 
Line 580,354, 658,354, 658,296, 
Line 687,296, 687,354, 769,354, 769,296, 
Line 801,296, 801,439, 
Line 768,439, 768,387, 687,387, 687,743, 578,743, 
Line 578,709, 658,709, 658,667, 580,667, 
Line 580,633, 658,633, 658,606, 549,606, 
Line 112,447, 4,447, 4,370, 82,370, 
Line 82,337, -85,337, 
Line -85,371, -25,371, -25,709, -88,709, 
Line -88,743, 84,743, 
Line 84,709, 4,709, 4,606, 112,606, 
Stairs 114,489, 114,564, 163,489, 
Stairs 498,489, 498,564, 548,489, 
Stairs 582,633, 582,667, 652,633, 
Stairs 581,709, 581,743, 650,709, 
Stairs 583,354, 583,387, 652,354, 
Stairs 658,298, 687,298, 658,342, 
Stairs 769,298, 801,298, 769,348, 
Stairs 768,391, 801,391, 768,439, 
Stairs -82,337, -82,371, -31,337, 
Stairs 10,337, 10,370, 80,337, 
Stairs -85,709, -85,743, -30,709, 
Stairs 12,709, 12,743, 82,709, 

PenColor FF0000
Arrow 484,507, 562,507, 
Arrow 623,460, 652,460, 
Arrow 178,507, 100,507, 
Arrow 39,459, 10,459, 
PenColor 009900
Arrow 555,546, 489,546, 
Arrow 648,588, 620,588, 
Arrow 108,546, 173,546, 
Arrow 14,589, 42,589, 

