size 444x942
Angle -70

BrushColor -1
PenColor 7CBC54
AngleTextOut 0,Arial,20,-210,341, << Дубровка
AngleTextOut 0,Arial,20,10,528, Печатники >>
AngleTextOut 0,Arial,25,-110,429, Кожуховская, 1
PenColor 00AFAF
AngleTextOut 0,Arial,15,454,489, Южнопортовая ул.
PenColor 0

BrushColor 84BC54
Polygon -220,371, 140,371, 140,407, -220,407, 
Polygon -220,489, 140,489, 140,525, -220,525, 
Line 140,407, 140,420, 231,420, 
Line 140,489, 140,476, 231,476, 
Line -220,407, -220,419, 
Line -220,489, -220,476, 
Line -225,419, -166,419, 
Line -225,476, -166,476, 
Line 208,420, 208,324, 290,324, 290,295, 329,295, 329,325, 334,325, 334,527, 482,527, 
Line 208,476, 208,573, 290,573, 290,618, 397,618, 397,610, 409,610, 409,618, 584,618, 584,634, 576,634, 576,618, 
Line 286,526, 286,534, 269,534, 269,518, 277,518, 277,526, 290,526, 290,370, 276,370, 276,378, 269,378, 269,362, 286,362, 286,370, 
Line 642,618, 634,618, 634,634, 642,634, 642,581, 617,581, 617,556, 376,556, 376,580, 409,580, 409,573, 488,573, 488,556, 
Line 488,573, 488,618, 
Dashed 431,618, 431,573, 
Dashed 488,573, 617,573, 
Dashed 552,573, 551,616, 
Stairs 467,527, 467,556, 413,527, 
Stairs 227,420, 227,476, 174,420, 
Stairs -225,419, -225,476, -166,419, 

PenColor FFA0A0
Line -243,429, -234,463, 2
Line -234,429, -243,463, 2

PenColor FF0000
Arrow 366,601, 401,601, 
Arrow 593,609, 593,642, 
Arrow 262,548, 295,548, 
Arrow 132,465, 165,465, 
PenColor 009900
Arrow 400,590, 366,590, 
Arrow 622,642, 622,609, 
Arrow 295,348, 261,348, 
Arrow 165,431, 132,431, 

