size 864x1045
Angle -140

BrushColor -1
PenColor E41c0c
AngleTextOut 180,Arial,20,771,552, << Чистые пруды
AngleTextOut 180,Arial,20,479,410, Комсомольская >>
AngleTextOut 180,Arial,25,638,482, Красные ворота, 1
PenColor 00AFAF
AngleTextOut 115,Arial,15,614,761, Садовая-Спасская улица
AngleTextOut 90,Arial,15,512,317, Садовая-Черногрязская улица
AngleTextOut 225,Arial,15,-60,526, площадь Красные Ворота
PenColor 0

BrushColor E41c0c
Polygon 315,411, 315,428, 771,428, 771,411, 
Polygon 315,509, 315,526, 771,526, 771,509, 
Line 321,484, 457,484, 457,494, 336,494, 336,508, 
Line 321,452, 457,452, 457,442, 336,442, 336,429, 
Line 750,428, 750,443, 629,443, 629,454, 883,454, 883,429, 920,429, 920,346, 917,332, 912,319, 906,312, 899,308, 874,308, 874,334, 765,333, 765,308, 757,306, 749,300, 745,292, 745,285, 749,277, 756,272, 765,271, 765,245, 873,245, 873,271, 903,271, 923,278, 937,294, 949,315, 954,346, 954,429, 982,429, 982,508, 883,508, 883,483, 629,483, 629,494, 750,494, 750,508, 
Stairs 835,334, 835,245, 804,334, 
Stairs 674,333, 674,245, 645,333, 
Line 835,334, 835,303, 804,303, 804,308, 835,308, 
Line 835,245, 835,275, 804,275, 804,270, 835,270, 
Line 675,311, 675,306, 645,306, 645,311, 675,311, 
Line 675,270, 675,265, 644,265, 644,270, 675,270, 
Dashed 764,454, 764,483, 
Dashed 878,454, 878,483, 
Line 594,304, 601,304, 577,327, 577,340, 607,333, 713,333, 713,245, 608,245, 577,236, 577,248, 601,273, 594,273, 
Dashed 321,452, 321,444, 217,444, 
Dashed 321,484, 321,493, 215,493, 

BrushColor 808080
Line 217,444, 177,444, 173,437, 165,429, 150,422, 134,418, 117,422, 103,429, 93,441, 87,453, 86,466, 87,475, -6,568, -18,556, -37,575, -44,568, 
Line -52,579, -47,585, -55,593, -61,587, 
Line -71,598, -65,604, -71,610, -51,630, -72,651, -93,629, -96,632, -103,625, 
Line -111,635, -105,641, -108,644, -88,664, -93,668, -112,649, -115,652, -122,645, 
Line -130,654, -123,661, -127,664, -108,683, -112,688, -131,668, -134,671, -141,664, 
Line -149,673, -142,680, -146,684, -91,739, -39,687, -51,675, -29,653, -6,676, 49,621, 35,607, 126,516, 131,518, 142,519, 153,515, 163,511, 171,504, 179,493, 215,493, 
Dashed 179,493, 160,493, 160,444, 177,444, 
Dashed 119,523, 79,484, 
Dashed 35,606, 22,619, -16,581, -6,569, 
Stairs -85,637, -100,652, -76,647, 
Stairs -105,657, -120,671, -96,666, 
Stairs -139,690, -124,676, -129,700, 

PenColor FF0000
Arrow 114,473, 95,492, 
Arrow -37,584, -59,562, 
Arrow -55,603, -78,580, 
Arrow 826,321, 796,321, 
Arrow 687,282, 635,282, 
Arrow 651,255, 693,255, 
Arrow 612,282, 582,282, 
PenColor 009900
Arrow 110,506, 129,487, 
Arrow -43,658, -15,630, 
Arrow -150,664, -134,680, 
Arrow -131,645, -115,661, 
Arrow -111,626, -95,642, 
Arrow 796,261, 826,261, 
Arrow 694,323, 651,323, 
Arrow 637,296, 688,296, 
Arrow 585,296, 615,296, 

