Size 1212x800

BrushColor -1
PenColor 046434
AngleTextOut 0, Arial, 20, 335, 232, << Домодедовская
AngleTextOut 0, Arial, 20, 786, 397, тупик >>
AngleTextOut 0, Arial, 25, 517, 312, Красногвардейская, 1
PenColor 00AFAF
AngleTextOut -90, Arial, 15, 639, 667, улица Ясеневая
AngleTextOut -90, Arial, 15, 638, 22, улица Мусы Джалиля
AngleTextOut 0, Arial, 15, 18, 230, улица Ореховый бульвар
AngleTextOut 0, Arial, 15, 679, 1216, Воронежская улица
PenColor 000000

BrushColor 046434
Polygon 457,257, 778,257, 778,284, 457,284
Polygon 457,364, 778,364, 778,391, 457,391

BrushColor 808080
Polygon 778,257, 905,257, 905,295, 778,295
Polygon 778,391, 778,353, 905,353, 905,391
Polygon 457,257, 457,295, 396,295, 396,257
Polygon 457,391, 457,353, 396,353, 396,391
Polygon 1007,288, 1042,288, 1042,360, 1007,360
Polygon 259,288, 294,288, 294,360, 259,360
Line 905,257, 1006,257, 1006,261, 1045,261, 1045,257, 1055,257, 1055,107, 979,107
Line 979,77, 1169,77
Line 1169,108, 1094,108, 1094,263, 1103,263, 1103,384, 1094,384, 1094,425, 1169,425
Line 1169,455, 979,455
Line 979,425, 1055,425, 1055,391, 1044,391, 1044,387, 1006,387, 1006,391, 905,391
Line 396,391, 295,391, 295,387, 257,387, 257,391, 247,391, 247,425, 322,425
Line 322,456, 132,456
Line 132,425, 208,425, 208,391, 199,391, 199,257, 208,257, 208,106, 132,106
Line 132,76, 322,76
Line 322,106, 247,106, 247,257, 258,257, 258,261, 296,261, 296,257, 396,257
Line 779,319, 890,319
Dashed 779,353, 779,319
Dashed 885,353, 885,319
Stairs 983,77, 983,107, 1010,77
Stairs 1022,77, 1022,107, 1049,77
Stairs 1099,77, 1099,108, 1126,77
Stairs 1138,77, 1138,108, 1165,77
Stairs 983,425, 983,455, 1010,425
Stairs 1022,425, 1022,455, 1049,425
Stairs 1099,425, 1099,455, 1126,425
Stairs 1138,425, 1138,455, 1165,425
Stairs 136,76, 136,106, 163,76
Stairs 175,76, 175,106, 202,76
Stairs 252,76, 252,106, 278,76
Stairs 291,76, 291,106, 318,76
Stairs 136,425, 136,456, 163,425
Stairs 175,425, 175,456, 202,425
Stairs 252,425, 252,456, 279,425
Stairs 291,425, 291,456, 318,425
Stairs 876,295, 876,319, 788,295
Stairs 438,295, 438,353, 464,295
Stairs 423,295, 423,353, 400,295

PenColor FF0000
Arrow 999,374, 1046,374
Arrow 794,336, 848,336
Arrow 434,336, 389,336
Arrow 305,374, 255,374
PenColor 009900
Arrow 1048,273, 998,273
Arrow 858,307, 808,307
Arrow 389,311, 433,311
Arrow 251,273, 304,273

Opaque 30

BrushColor -1
PenColor 5C9F2E
AngleTextOut -90, Arial, 30, 797, 779, Зябликово, 1
AngleTextOut -90, Arial, 20, 766, 800, (строится)
AngleTextOut -90, Arial, 20, 877, 617, << Шипиловская
AngleTextOut -90, Arial, 20, 686, 858, тупик >>

BrushColor 7CBC54
Polygon 849,612, 849,936, 824,936, 824,612
Polygon 691,612, 691,936, 716,936, 716,612

PenColor 000000
Line 663,341, 627,341, 627,455, 630,466
Line 641,506, 648,534
Line 658,571, 692,697, 755,697, 755,661
Line 663,311, 561,311
Line 561,341, 597,341, 597,455, 602,474
Line 613,514, 618,534
Line 628,571, 670,727, 755,727, 755,764
Line 785,764, 785,661
Dashed 602,474, 630,466, 641,506, 613,514, 602,474
Stairs 659,341, 659,311, 632,341
Stairs 565,341, 565,311, 592,341
Stairs 755,760, 785,760, 755,732
Stairs 755,665, 785,665, 755,692

Line 560,638, 560,567, 862,567, 862,463
Line 832,463, 832,537, 816,537, 816,476, 725,476, 725,537, 560,537, 560,462
Line 530,462, 530,638
Line 716,612, 755,612
Line 824,612, 785,612
Line 755,501, 755,537, 785,537, 785,501
Dashed 755,567, 755,612, 785,612, 785,567
Dashed 755,501, 785,501
Stairs 832,467, 862,467, 832,494
Stairs 832,504, 862,504, 832,531
Stairs 530,466, 560,466, 530,493
Stairs 530,503, 560,503, 530,530
Stairs 560,634, 530,634, 560,607
Stairs 560,599, 530,599, 560,572

Line 716,936, 739,936, 739,1009, 728,1009, 728,1062, 668,1062, 668,1165
Line 698,1165, 698,1092, 728,1092, 728,1099, 810,1099, 810,1009, 800,1009, 800,936, 824,936
Stairs 739,941, 800,941, 739,968
Stairs 739,976, 800,976, 739,1003
Stairs 698,1161, 668,1161, 698,1134
Stairs 698,1124, 668,1124, 698,1097

PenColor 808080
Dashed 755,567, 755,537
Dashed 785,567, 785,537
