size 756x551
Angle 40

BrushColor -1
PenColor E41c0c
AngleTextOut 0,Arial,20,577,440, Сокольники >>
AngleTextOut 0,Arial,20,236,270, << Комсомольская
AngleTextOut 0,Arial,25,378,350, Красносельская, 1
PenColor 00AFAF
AngleTextOut -90,Arial,15,131,13, Верхняя Красносельская ул.
AngleTextOut 0,Arial,15,315,254, Краснопрудная ул.
AngleTextOut 0,Arial,15,664,261, Русаковская ул.
PenColor 0

BrushColor E41c0c
Polygon 221,292, 293,292, 293,298, 636,298, 636,292, 709,292, 709,330, 221,330, 
Polygon 221,437, 293,437, 293,431, 636,431, 636,437, 709,437, 709,399, 221,399, 

BrushColor 808080
Polygon 196,283, 203,283, 203,300, 196,300, 
Polygon 290,218, 296,219, 309,176, 305,174, 308,162, 300,162, 297,175, 302,178, 
Polygon 299,83, 307,83, 305,70, 308,70, 296,26, 289,26, 301,67, 297,70, 
Polygon 361,218, 367,221, 382,195, 390,172, 405,174, 405,168, 380,162, 379,168, 383,169, 375,195, 
Polygon 382,97, 405,94, 405,88, 394,89, 380,58, 368,38, 362,41, 373,61, 385,89, 380,91, 
Polygon 387,129, 387,134, 406,134, 406,129, 
Polygon 433,226, 438,229, 452,197, 460,161, 455,161, 446,194, 
Polygon 453,99, 459,98, 452,65, 438,31, 433,35, 445,65, 

Line 709,330, 709,399, 
Line 221,399, 221,378, 304,378, 304,350, 221,350, 221,330, 
Line 221,437, 178,437, 178,394, 123,394, 112,383, 112,346, 125,333, 178,333, 178,95, 183,84, 194,73, 269,46, 260,27, 306,3, 
Line 221,292, 221,202, 223,197, 232,189, 239,189, 269,199, 260,218, 305,243, 
Line 269,46, 288,40, 279,17, 
Line 269,199, 287,205, 278,229, 
Line 295,157, 283,157, 282,151, 295,151, 
Line 296,99, 281,99, 282,91, 294,91, 
Line 401,243, 395,236, 406,209, 411,209, 424,174, 431,176, 409,229, 410,236, 446,256, 457,252, 
Line 401,17, 394,23, 406,51, 411,50, 424,86, 431,85, 408,29, 410,23, 446,3, 456,7, 
Line 130,351, 178,351, 178,378, 130,378, 
Spline 305,243, 337,123, 306,3, 
Spline 457,252, 487,130, 456,7, 
Stairs 304,378, 304,350, 272,378, 
Stairs 221,378, 221,350, 249,378, 
Stairs 172,394, 172,378, 133,394, 
Stairs 161,378, 161,351, 139,378, 
Stairs 171,333, 171,351, 132,333, 
Stairs 309,180, 327,185, 296,219, 
Stairs 308,67, 328,62, 296,26, 
Stairs 293,99, 293,150, 283,99, 
Stairs 449,184, 430,178, 433,226, 
Stairs 449,76, 431,82, 433,35, 
Stairs 465,235, 441,225, 477,200, 
Stairs 480,187, 456,182, 483,164, 
Stairs 464,26, 442,33, 476,60, 
Stairs 481,75, 456,78, 484,95, 

PenColor FF0000
Arrow 268,139, 314,139, 
Arrow 305,213, 305,230, 
Arrow 431,148, 375,148, 
Arrow 440,176, 440,155, 
Arrow 453,217, 453,244, 
Arrow 331,363, 308,363, 
PenColor 009900
Arrow 312,108, 269,108, 
Arrow 319,59, 319,80, 
Arrow 377,114, 429,114, 
Arrow 440,106, 440,86, 
Arrow 463,46, 463,73, 
Arrow 122,364, 159,364, 
Arrow 262,339, 293,339, 
Arrow 260,389, 293,389, 

