size 1150x470
Angle -30

BrushColor -1
PenColor E41c0c
AngleTextOut 90,Arial,20,482,408, << Парк Культуры
AngleTextOut 90,Arial,20,620,302, Библиотека им.Ленина >>
AngleTextOut 90,Arial,25,549,319, Кропоткинская, 1
PenColor 00AFAF
AngleTextOut 90,Arial,15,825,21, улица Волхонка
AngleTextOut 30,Arial,15,934,44, Храм Христа Спасителя
AngleTextOut 90,Arial,15,733,-19, Музей Пушкина
AngleTextOut 0,Arial,15,166,615, Гоголевский бульвар
PenColor 0

BrushColor E41c0c
Polygon 529,409, 510,409, 510,79, 529,79, 
Polygon 599,79, 618,79, 618,409, 599,409, 
Line 580,124, 580,79, 599,79, 
Line 547,124, 547,79, 529,79, 
Line 618,79, 618,73, 880,73, 
Line 810,14, 810,38, 880,38, 
Line 510,79, 510,38, 783,38, 783,14, 
Line 529,409, 548,409, 548,364, 
Line 599,409, 581,409, 581,364, 
Line 618,409, 618,455, 510,455, 510,448, 462,448, 453,452, 345,561, 330,567, 292,567, 290,574, 285,582, 276,589, 266,593, 199,593, 199,509, 267,509, 275,513, 283,518, 289,524, 291,530, 320,530, 333,526, 437,422, 454,414, 510,414, 510,409, 
Line 267,510, 267,518, 235,518, 229,530, 216,530, 
Line 266,593, 266,582, 234,582, 228,570, 215,570, 
Stairs 810,14, 783,14, 810,38, 
Stairs 880,73, 880,38, 858,73, 
Stairs 580,124, 547,124, 580,84, 
Stairs 581,364, 548,364, 581,409, 
Stairs 227,593, 227,510, 218,593, 

PenColor FF0000
Arrow 323,539, 298,539, 
Arrow 665,64, 697,64, 

PenColor 009900
Arrow 298,558, 323,558, 
Arrow 697,46, 665,46, 

