Size 536x1130
Angle -85

BrushColor -1
PenColor 34349C
AngleTextOut 0, Arial, 30, 197, 558, Крылатское, 1
AngleTextOut 0, Arial, 20, 308, 653, Молодежная >>
AngleTextOut 0, Arial, 20, 120, 472, << Строгино
PenColor 00AFAF
AngleTextOut 0, Arial, 15, -267, 566, Осенний бульвар
AngleTextOut 0, Arial, 15, 708, 564, Осенний бульвар
PenColor 000000

BrushColor 34349C
Polygon 114,535, 114,497, 434,497, 434,535
Polygon 114,614, 434,614, 434,652, 114,652

BrushColor 808080
;PenColor FC7CAC
Polygon 434,497, 434,549, 523,549, 523,497
Polygon 434,652, 433,601, 522,601, 522,652
Polygon 114,652, 114,601, 26,601, 26,652
Polygon 114,497, 114,549, 25,549, 25,497
Polygon -64,545, -48,545, -48,604, -64,604
Polygon 596,545, 612,545, 612,604, 596,604
Polygon 40,577, 40,573, 104,573, 104,577
Polygon 444,577, 444,573, 508,573, 508,577
Polygon 37,549, 37,554, 104,554, 104,549
Polygon 36,601, 36,596, 104,596, 104,601
Polygon 444,601, 444,596, 512,596, 512,601
Polygon 444,549, 444,554, 512,554, 512,549
Line 523,497, 614,497, 614,384, 461,384
Line 461,343, 648,343, 648,433, 708,433
Line 708,474, 648,474, 648,497, 652,497, 652,652, 648,652, 648,695, 733,695
Line 733,736, 432,736
Line 432,695, 614,695, 614,652, 522,652
Line 26,652, -66,652, -66,727, 117,727
Line 117,768, -185,768
Line -185,727, -100,727, -100,651, -104,651, -104,497, -100,497, -184,387, -262,387
Line -262,346, 3,346
Line 3,387, -150,387, -66,497, 25,497
Stairs -262,387, -262,346, -207,387
Stairs 3,387, 3,346, -52,387
Stairs -78,387, -78,346, -133,387
Stairs -185,768, -185,727, -130,768
Stairs 117,768, 117,727, 61,768
Stairs 43,768, 43,727, -12,768
Stairs 432,736, 432,695, 487,736
Stairs 733,736, 733,695, 678,736
Stairs 505,736, 505,695, 560,736
Stairs 708,474, 708,433, 653,474
Stairs 461,384, 461,343, 516,384
Stairs 542,384, 542,343, 597,384
Stairs 90,554, 90,573, 42,554
Stairs 458,554, 458,573, 506,554
Dashed 104,577, 104,596
Dashed 40,577, 40,596
Dashed 444,577, 444,596
Dashed 508,577, 508,596

PenColor FF0000
Arrow 585,629, 621,629
Arrow -37,629, -73,629
Arrow 407,586, 436,586
Arrow 141,586, 112,586
PenColor 009900
Arrow 621,520, 585,520
Arrow -73,520, -37,520
Arrow 447,563, 420,563
Arrow 101,563, 128,563

