Size 1080x900
Angle 15

BrushColor -1
PenColor 2C7CAC
AngleTextOut 0, Arial, 30, 498, 401, Кунцевская, 1
AngleTextOut 0, Arial, 20, 819, 311, Пионерская >>
AngleTextOut 0, Arial, 20, 189, 312, <<Тупик
PenColor 34349C
AngleTextOut 0, Arial, 20, 199, 450, << Молодежная
AngleTextOut 0, Arial, 30, 500, 555, Кунцевская, 1
AngleTextOut 0, Arial, 20, 754, 522, Славянский бульвар >>
PenColor 00AFAF
AngleTextOut 270, Arial, 15, 569, 123, Рублевское шоссе
AngleTextOut 270, Arial, 15, 569, 674, Рублевское шоссе

AngleTextOut 0, Arial, 15, 965, 272, Малая Филевская улица
AngleTextOut 0, Arial, 15, 34, 275, Молдавская улица
AngleTextOut 0, Arial, 15, 732, 866, Кастанаевская улица



PenColor 040464
TextOut Arial, 10, 498, 875, Схема перехода к ж/д платформе "Кунцево", 5
SpotRect 498, 875, 180, 15, LoadVec Kunz.vec
PenColor 000000

BrushColor 2C7CAC
Polygon 187,363, 187,339, 961,339, 961,363
BrushColor 34349C
Polygon 187,521, 187,473, 961,473, 961,521
PenColor FFFFFF
Dashed 187,497, 961,497
PenColor 000000

BrushColor 808080
Polygon 796,390, 796,396, 714,396, 714,390
Polygon 714,446, 714,440, 796,440, 796,446
Polygon 434,446, 434,440, 352,440, 352,446
Polygon 434,390, 434,396, 352,396, 352,390
Polygon 242,160, 242,153, 313,153, 313,217, 242,217, 242,210, 306,210, 306,160
Polygon 873,212, 873,205, 809,205, 809,156, 873,156, 873,149, 801,149, 801,212
Polygon 355,607, 355,613, 443,613, 443,607
Polygon 354,564, 442,564, 442,558, 354,558
Polygon 714,558, 795,558, 795,564, 714,564
Polygon 714,606, 795,606, 795,613, 714,613
Polygon 264,707, 341,707, 341,761, 264,761, 264,756, 336,756, 336,712, 264,712
Polygon 861,709, 794,709, 794,759, 862,759, 862,753, 800,753, 800,715, 861,715

Line 961,363, 961,473
Line 187,473, 187,363
Line 352,446, 253,446, 253,390, 352,390
Line 796,390, 895,390, 895,446, 796,446
Line 422,116, 422,106, 211,106, 211,266, 422,266, 422,258
Line 422,231, 422,142
Line 695,249, 695,258, 904,258, 904,99, 695,99, 695,108
Line 695,135, 695,223
Line 313,153, 329,153, 342,179, 372,179, 383,154, 393,154, 393,217, 313,217
Line 801,149, 722,149, 722,213, 733,213, 745,188, 775,188, 786,212, 801,212
Line 961,397, 993,397
Line 961,437, 993,437
Line 961,560, 994,560
Line 961,598, 993,598
Line 187,521, 187,613, 961,613, 961,521, 187,521
Line 354,558, 260,558, 260,613, 355,613
Line 795,558, 842,558, 842,613, 795,613
Line 425,679, 425,665, 209,665, 209,804, 425,804, 425,750
Line 425,701, 425,714
Line 425,757, 435,757, 435,768, 450,779, 460,779, 460,804, 425,804
Line 704,676, 704,665, 914,665, 914,804, 704,804, 704,794
Line 704,759, 736,759
Line 704,708, 736,708
Line 727,708, 727,718, 746,733, 756,733
Line 887,566, 887,613

Line 887,664, 887,803
Line 887,566, 912,566, 912,613

Polygon 887,581, 903,581, 903,597, 887,597
Polygon 887,723, 904,723, 904,741, 887,741


Spline 704,708, 687,716, 680,733, 687,751, 704,759
Spline 736,708, 751,717, 756,733, 751,749, 736,759

Stairs 398,440, 398,396, 355,440
Stairs 750,440, 750,396, 793,440
Stairs 294,210, 294,160, 245,210
Stairs 822,205, 822,156, 870,205
Stairs 367,564, 367,607, 403,564
Stairs 788,564, 788,606, 755,564
Stairs 321,712, 321,756, 275,712
Stairs 854,753, 854,715, 807,753

BrushColor FFFFFF
Polygon 993,397, 993,598, 1040,598, 1040,397
Stairs 961,397, 961,437, 993,397
Stairs 961,560, 961,598, 994,560
Arrow 1011,457, 1011,509
Arrow 1025,536, 1025,486
BrushColor -1
AngleTextOut 0, Arial, 6, 889, 586, лифт
BrushColor -1
AngleTextOut 0, Arial, 6, 889, 729, лифт

PenColor FF0000
Arrow 420,573, 359,573
Arrow 734,597, 793,597
Arrow 950,427, 1000,427
Arrow 952,590, 1002,590
Arrow 806,743, 864,743
Arrow 725,777, 682,777
Arrow 327,724, 268,723
Arrow 403,689, 442,689
PenColor 009900
Arrow 1000,407, 950,407
Arrow 1002,570, 950,570
Arrow 443,733, 402,733
Arrow 267,742, 328,742
Arrow 686,692, 731,692
Arrow 864,725, 806,725


PenColor FF0000
Arrow 739,406, 803,406
Arrow 410,428, 349,428
Arrow 714,121, 674,121
Arrow 397,246, 436,246
Arrow 301,199, 237,199
Arrow 815,167, 879,167
PenColor 009900
Arrow 799,430, 738,430
Arrow 350,410, 411,410
Arrow 432,129, 400,129
Arrow 679,237, 710,237
Arrow 238,172, 301,172
Arrow 879,194, 815,194
Arrow 793,571, 734,571
Arrow 359,599, 420,599


