Size 1263x951
Angle 13

PenColor 040464
BrushColor -1
TextOut Arial, 15, 630, 63, Схема cтанции метро "Кунцевская", 5
SpotRect 630, 63, 214, 15, LoadVec Kuntsevskaya.vec
PenColor 000000

BrushColor 2C7CAC
Polygon 503,31, 503,21, 583,21, 583,31
Polygon 144,31, 144,21, 223,21, 223,31

BrushColor 34349C
Polygon 503,88, 503,78, 583,78, 583,88
Polygon 144,88, 144,78, 223,78, 223,88
Polygon 144,71, 144,61, 223,61, 223,71
Polygon 503,71, 503,61, 583,61, 583,71

Line 454,65, 454,71, 503,71, 503,21, 454,21, 454,27
Line 454,36, 454,56
Line 493,54, 463,54, 463,38, 493,38
Line 233,38, 264,38, 264,54, 233,54
Line 273,65, 273,71, 223,71, 223,21, 273,21, 273,27
Line 273,36, 273,56
Line 583,31, 583,61
Line 144,31, 144,61

Line 393,-39, 393,141, 413,161, 623,161
Line 583,201, 413,201, 393,221, 393,291, 463,361, 463,462, 473,464, 583,201

Line 443,361, 393,311, 393,362
Spline 443,361, 420,351, 393,362
Line 333,361, 333,311, 283,361
Spline 283,361, 306,351, 333,361

Line 333,432, 333,376
Spline 333,376, 304,364, 278,376, 278,411, 287,422
Line 287,422, 435,456
Spline 435,456, 448,435, 448,385, 422,364, 393,375
Line 393,375, 393,446
Line 313,825, 313,873
Line 413,850, 413,896

Line 333,-39, 333,291, 263,361, 263,415, 205,402
Line 685,513, 493,468, 604,201, 623,201
Line 436,492, 678,548
Line 296,460, 198,437
Line 293,467, 306,462, 426,490, 433,500
Line 292,565, 299,573, 418,600, 426,594
Line 292,670, 301,666, 418,693, 424,701
Line 393,482, 393,594
Line 333,468, 333,580
Line 393,687, 393,810
Line 333,674, 333,796
Line 288,780, 296,788, 407,814, 416,808
Line 284,829, 294,820, 412,847, 419,858
Line 393,843, 393,891
Line 333,829, 333,877
Line 413,809, 413,741, 468,753, 452,805, 413,809
Line 313,735, 313,792, 282,761, 282,728, 313,735
Line 251,733, 260,729, 260,774, 267,782, 157,756
Line 500,835, 437,821, 459,821, 501,831, 500,835
Line 1056,848, 923,848, 769,834
Spline 769,834, 743,837, 728,848, 719,866, 708,875, 689,879
Line 689,879, 520,840, 524,823, 690,849, 695,817
Stairs 306,714, 306,733, 295,712
Stairs 419,725, 419,742, 430,727

Line 660,936, 660,904, 695,912
Spline 695,912, 728,905, 753,876, 765,869
Line 765,869, 923,883, 1056,883

Line 481,812, 518,788, 511,819, 481,812
Line 541,750, 532,806, 674,828, 677,813
Line 529,747, 527,761, 469,799, 493,722
Line 481,720, 476,737, 413,723, 413,692
Line 413,599, 413,487
Line 413,451, 413,364
Line 413,352, 413,331
Line 413,311, 413,221, 433,201
Line 433,161, 413,141, 413,116, 583,116
Line 144,116, 313,116, 313,311
Line 313,331, 313,352
Line 313,365, 313,428
Line 313,463, 313,576
Line 313,669, 313,716, 265,705, 243,716
Line 454,21, 413,21, 413,-39
Line 273,21, 313,21, 313,-39
Line 150,786, 284,817
Line 419,849, 634,898, 634,931

BrushColor E0E0E0
PenColor E0E0E0
Polygon 189,572, 358,613, 508,646, 614,666, 719,681, 854,694, 967,702, 965,722, 846,713, 716,700, 608,686, 506,667, 352,634, 184,593
Polygon 474,708, 600,733, 711,750, 837,763, 960,772, 1054,775, 1133,772, 1133,791, 1055,794, 959,791, 839,782, 723,770, 719,801, 715,811, 706,817, 695,817, 669,812, 675,771, 529,747, 532,730, 471,718
PenColor FFFFFF
BrushColor FFFFFF
Polygon 434,646, 436,634, 473,643, 471,654
Polygon 221,598, 224,585, 260,593, 257,606
BrushColor E0E0E0
PenColor 000000
Spline 189,572, 508,646, 719,681, 967,702
Spline 965,722, 716,700, 506,667, 184,593
Line 189,572, 184,593
Line 967,702, 965,722

Line 481,720, 471,718, 474,708
Spline 474,708, 711,750, 960,772, 1133,772
Line 1133,772, 1133,791
Spline 1133,791, 959,791, 723,770
Line 723,770, 722,785
Line 712,815, 703,817, 696,817
Line 676,814, 534,791
Line 541,750, 675,771, 674,778
Line 672,790, 669,813
Line 627,806, 634,764
Line 630,791, 671,797
Line 529,747, 532,730, 493,722
Line 674,778, 721,795, 796,803, 798,778
Line 830,782, 829,794, 853,797
Line 854,785, 851,809, 828,806

Line 224,585, 260,593, 257,606, 221,598
Line 473,643, 436,634, 434,646, 471,654
Stairs 465,653, 467,643, 443,648
Stairs 227,599, 230,586, 248,604

PenColor A0A0A0
Dashed 798,787, 828,790
PenColor 000000

BrushColor -1
AngleTextOut 0, Arial, 15, 1146, 767, Фили >>
AngleTextOut -13, Arial, 15, 54, 559, << Рабочий Поселок
AngleTextOut -13, Arial, 15, 78, 501, << на Усово иногда идет отсюда

;рельсы
Railway 10, 14, 4, 1164,742, 1132,744, 1107,743, 1089,739, 1065,730, 1035,717, 995,702, 951,693, 874,686, 720,672, 510,637, 191,564
Railway 10, 14, 4, 1164,742, 1132,744, 1100,744, 964,742, 714,720, 502,686, 180,612
Railway 10, 14, 4, 178,620, 500,695, 713,731, 962,753, 1165,753

BrushColor FFFFFF
Polygon 734,634, 735,624, 786,629, 770,799, 721,795, 722,785, 760,788, 768,700, 728,697, 729,687, 770,691, 775,638
Stairs 735,624, 734,634, 768,627
Stairs 728,697, 729,687, 760,700
Stairs 721,795, 722,785, 753,797

Line 493,648, 477,644, 475,655, 490,659, 2
Line 202,580, 221,585, 218,597, 200,592, 2
Line 492,652, 491,656
Line 202,584, 201,588
PenColor A0A0A0
Line 484,646, 481,657
Line 210,582, 207,594

PenColor FF0000
Arrow 259,61, 278,61
Arrow 463,31, 445,31
Arrow 325,31, 296,31
Line 325,31, 325,431
Line 325,466, 325,579
Dashed 325,600, 325,631
Line 325,672, 325,731, 276,720, 276,771, 288,789, 409,817, 457,810, 478,745
Line 457,810, 514,824, 521,807, 680,832, 683,815
Line 405,90, 405,141, 425,161, 425,201, 405,221, 405,449
Line 405,485, 405,597
Dashed 405,618, 405,651
Line 405,690, 405,728, 478,745
Arrow 225,594, 255,601
Dashed 260,603, 325,618
Arrow 470,645, 441,639
Dashed 435,636, 405,629
Arrow 405,90, 431,90
Arrow 805,785, 804,793
Line 773,662, 783,663
Line 723,619, 728,636
Line 730,620, 721,635

PenColor 009900
Arrow 278,31, 259,31
Arrow 445,61, 463,61
Line 295,61, 320,61, 320,430
Line 320,465, 320,578
Dashed 320,599, 320,630
Line 320,671, 320,724, 270,712, 270,771, 283,792, 410,821, 460,816
Line 460,816, 479,752
Line 460,816, 517,829, 523,813, 684,838
Arrow 684,838, 688,815
Line 431,31, 400,31, 400,141, 420,161, 420,201, 400,221, 400,448
Line 400,484, 400,596
Dashed 400,617, 400,650
Line 400,689, 400,734, 479,752
Arrow 255,597, 224,589
Dashed 262,598, 325,612
Arrow 441,644, 472,651
Dashed 400,634, 433,642
Arrow 821,794, 822,784

BrushColor -1
PenColor 707070
AngleTextOut -9, Arial, 30, 537, 572, пл.Кунцево, 1
PenColor 2C7CAC
AngleTextOut 0, Arial, 30, 288, -21, Кунцевская, 1
PenColor 34349C
AngleTextOut 0, Arial, 30, 285, 55, Кунцевская, 1
PenColor 00AFAF
AngleTextOut 270, Arial, 15, 371, 228, Рублевское шоссе
AngleTextOut -13, Arial, 15, 443, 467, улица Ивана Франко
AngleTextOut 0, Arial, 15, 452, 176, Кастанаевская улица
PenColor 000000
AngleTextOut -5, Arial, 15, 630, 790, кассы
AngleTextOut -4, Arial, 10, 832, 781, кассы
BrushColor FFAA00

Line 503,84, 454,84, 454,71
Line 583,88, 583,116
Line 583,39, 601,39, 601,108, 583,108
Line 583,97, 591,97, 591,51, 583,51
Stairs 583,97, 583,108, 591,97
Stairs 583,51, 583,39, 591,51
Line 144,116, 144,88, 223,88, 223,84, 273,84, 273,71
Line 201,116, 201,88
Line 217,108, 245,108, 245,95, 217,95
Line 273,116, 273,106, 267,106, 261,116
Line 447,95, 465,95, 468,100, 465,105, 447,105, 444,100, 447,95
Line 503,95, 478,95, 478,107, 503,107
Line 540,116, 540,88
Stairs 463,38, 463,54, 485,38
Stairs 478,95, 478,107, 495,95
Stairs 264,38, 264,54, 241,38
Stairs 245,95, 245,108, 225,95


PenColor FF0000
Arrow 405,90, 405,61, 431,61
Arrow 463,111, 445,111
Arrow 325,101, 295,101
Arrow 259,90, 277,90

PenColor 009900
Arrow 295,90, 320,90
Arrow 277,101, 259,101
Arrow 295,61, 320,61
Arrow 431,111, 400,111
Arrow 445,89, 464,89
Arrow 431,31, 400,31


