Size 850x1080
Angle 45

PenColor FFD0D0
BrushColor FFD0D0
Polygon 769,464, 803,480, 787,514, 753,498, 758,487, 781,497, 785,487, 763,477
PenColor FF4040
Dashed 769,464, 803,480, 787,514, 753,498, 758,487, 781,497, 785,487, 763,477, 769,464
BrushColor -1
AngleTextOut -25, Arial, 15, 782, 436, Закрыто на, 1
AngleTextOut -25, Arial, 15, 777, 446, реконструкцию, 1

PenColor 000000
Arrow 389,617, 380,600
Arrow 368,607, 378,624
Arrow 133,416, 155,416
Arrow 155,410, 133,410

PenColor FF0000
Arrow 712,502, 726,495
Line 754,493, 784,506, 788,497
Arrow 788,497, 758,484
Arrow 637,357, 624,370
Arrow 472,410, 493,410
Arrow 99,825, 112,834
Arrow 76,806, 60,795
Arrow 684,468, 671,476
Arrow 710,463, 697,462
Arrow 686,552, 698,559

PenColor 009900
Arrow 723,489, 709,497
Line 772,485, 790,493, 794,484
Arrow 794,484, 766,470
Arrow 691,572, 679,565
Arrow 603,349, 616,336
Arrow 493,416, 471,416
Arrow 666,468, 678,460
Arrow 694,437, 702,429
Arrow 697,457, 710,458
Arrow 93,876, 84,889
Arrow 9,797, -6,819

BrushColor -1
PenColor 5C9F2E
AngleTextOut -90, Arial, 15, 95, 428, << Сретенский бульвар
AngleTextOut -90, Arial, 15, 20, 565, Римская >>
AngleTextOut -90, Arial, 25, 65, 454, Чкаловская, 1
PenColor 34349C
AngleTextOut 0, Arial, 15, 210, 370, << Площадь Революции
AngleTextOut 0, Arial, 15, 435, 433, Бауманская >>
AngleTextOut 0, Arial, 25, 318, 341, Курская, 1
PenColor 9B5509
AngleTextOut 30, Arial, 15, 252, 662, << Таганская
AngleTextOut 30, Arial, 15, 498, 680, Комсомольская >>
AngleTextOut 30, Arial, 25, 388, 673, Курская, 1
PenColor 00AFAF
AngleTextOut -115, Arial, 15, 794, 537, Курский
AngleTextOut -115, Arial, 15, 779, 538, вокзал
AngleTextOut -115, Arial, 15, 366, 875, электропоезда
AngleTextOut -115, Arial, 15, 352, 875, Горьковского направления
AngleTextOut -115, Arial, 15, 849, 573, электропоезда Курского направления
AngleTextOut 45, Arial, 15, -128, 703, улица Земляной вал
AngleTextOut 45, Arial, 15, 248, 324, улица Земляной вал
AngleTextOut 20, Arial, 15, 941, 456, Н.Сусальный пер.

PenColor 000000
AngleTextOut -35, Arial, 15, 19, 847, кассы
AngleTextOut 45, Arial, 15, 605, 301, кассы

Stairs 379,416, 379,409, 396,416
Stairs 357,416, 357,409, 339,416

Stairs 39,776, 45,768, 19,763
Stairs 19,763, 5,753, 13,771
Stairs 10,804, 1,798, 2,816
Stairs 61,812, 72,796, 52,805
Stairs 167,888, 155,905, 152,877
Stairs 394,663, 414,652, 386,648
Stairs 55,424, 55,416, 68,424
Stairs 55,413, 55,404, 68,413
Stairs 55,401, 55,396, 68,401
Stairs 644,475, 659,496, 657,466

Line 61,424, 61,448, 55,448, 55,424, 88,424, 93,419, 274,419, 274,423, 208,423, 208,429
Line 30,375, 37,375, 37,448, 42,448, 42,396, 68,396
Line 68,375, 59,375, 59,396
Line 76,396, 86,396, 91,401, 112,401, 112,406, 274,406, 274,402, 210,402, 210,395
Line 527,433, 527,426, 455,427, 455,420, 518,420, 522,418, 525,413, 523,408, 518,406, 455,406, 455,402, 527,402, 527,395
Line 15,848, 8,858, 42,882, 49,872

Line 339,409, 357,409, 357,416, 339,416
Line 396,409, 379,409, 379,416, 396,416

Line 396,666, 357,597, 357,437
Line 416,655, 379,590, 379,437
Dashed 357,409, 379,409
Dashed 357,416, 357,437
Dashed 379,416, 379,437

Line 260,717, 266,727, 329,691, 334,700, 279,732, 275,738, 272,744, 274,749, 277,755, 281,756, 286,757, 292,756, 348,724, 353,733, 290,769, 295,778
Line 224,902, 44,776, 48,770, 11,744, -8,771, 11,784, -18,825, 85,897, 96,881, 104,877, 114,878, 124,883, 158,907
Line 213,920, 150,876
Line 44,776, 42,779, 19,763, 13,771, 20,776, 26,768
Line 10,804, 2,816, 21,829, 35,809
Line 82,846, 94,839, 107,842, 112,851, 108,863, 96,870
Spline 39,816, 49,801, 57,816

Line 611,548, 513,604, 505,589, 550,563, 544,552
Line 579,614, 574,604, 529,630, 521,617, 619,561
Line 684,588, 657,572, 667,555, 623,491, 683,447, 685,439, 701,423, 701,420, 659,420, 659,417, 655,415, 655,411, 659,409, 659,406, 701,406
Line 693,365, 658,330, 652,336, 659,343, 634,368
Line 605,339, 630,314, 638,322, 644,316, 640,312, 651,301, 699,349
Line 716,392, 724,392, 724,409, 716,409, 716,422
Line 651,301, 642,292, 631,303, 640,312
Spline 699,349, 712,367, 716,392
Spline 693,365, 700,380, 701,406

Line 730,505, 708,527, 686,505, 704,487
Spline 716,422, 753,431, 770,467
Spline 730,505, 743,504, 756,497
Line 756,497, 786,511, 800,481, 770,467
Line 788,486, 769,477
Line 782,500, 762,491

Stairs 764,500, 767,493, 773,505
Stairs 774,480, 778,471, 785,484


Line 796,490, 860,520, 880,477, 929,459
Line 790,504, 822,519, 811,542
Line 824,548, 835,525, 880,546, 869,569
Line 882,575, 899,539, 876,528, 895,487, 934,473
Line 867,515, 872,504, 881,508, 876,519
Stairs 811,542, 824,548, 820,524
Stairs 869,569, 882,575, 878,550
Stairs 788,486, 782,500, 771,478
Stairs 872,504, 881,508, 868,513

Line 715,505, 712,507, 704,508, 700,501, 704,494, 708,492, 699,476, 698,469, 692,470, 653,501, 679,540, 704,555
Line 39,549, 39,619, 46,628, 50,628, 57,619, 57,549
Line 30,640, 34,640, 34,594, 39,594
Line 58,592, 62,592, 62,640, 68,640
Line 623,364, 630,357
Line 616,357, 623,350
Line 609,350, 616,343

Dashed 94,839, 279,732
Dashed 292,756, 108,863
Dashed 39,619, 39,816, 57,816, 57,619
Dashed 102,419, 102,401
Dashed 179,419, 179,406
Dashed 518,406, 659,406
Dashed 518,420, 659,420
Dashed 611,548, 704,494
Dashed 619,561, 712,507
Dashed 708,492, 715,505
Dashed 611,548, 619,561
Dashed 684,356, 695,345
Dashed 665,337, 676,326

BrushColor 34349C
Polygon 210,388, 210,395, 527,395, 527,388
Polygon 208,426, 208,433, 527,433, 527,426

BrushColor 7CBC54
Polygon 21,375, 30,375, 30,640, 21,640
Polygon 68,396, 76,396, 76,375, 68,375
Polygon 68,424, 76,424, 76,640, 68,640

BrushColor 9B5509
Polygon 255,707, 260,717, 385,646, 379,635
Polygon 398,624, 539,542, 544,552, 404,634
Polygon 295,778, 579,614, 585,624, 301,788

BrushColor 808080
Polygon 55,404, 55,401, 81,401, 87,405, 81,404
Polygon 87,412, 81,416, 55,416, 55,413, 81,413
Polygon 711,428, 716,434, 703,447, 702,453, 692,452, 694,445

