size 484x829
Angle -75

BrushColor -1
PenColor 00AFAF
AngleTextOut 0,Arial,15,282,259, Киевская улица
AngleTextOut 0,Arial,15,274,320, 3 транспортное кольцо
AngleTextOut 90,Arial,15,223,326, Кутузовский проспект
PenColor 0

BrushColor 2C7CAC
Polygon -62,410, 526,410, 526,492, -62,492, 

BrushColor 808080
Polygon -7,395, -7,390, -68,390, -68,513, -8,513, -8,508, -62,508, -62,395, 
Polygon 472,395, 472,390, 532,391, 532,513, 472,513, 472,508, 526,509, 526,395, 
Dashed -62,452, 526,452, 

Line -148,365, -153,365, -153,539, 8,539, 17,530, 17,524, 26,524, 26,530, 439,530, 439,524, 446,524, 446,530, 455,539, 617,539, 617,364, 612,364, 
Line -79,365, 9,365, 17,373, 17,379, 26,379, 26,373, 438,373, 438,379, 447,379, 447,373, 455,365, 542,365, 
Line -124,365, -103,365, 
Line -113,365, -113,388, 
Line -113,382, -124,382, 
Line -148,382, -153,382, 
Line 567,365, 588,365, 
Line 578,365, 578,388, 
Line 578,381, 588,381, 
Line 612,382, 617,382, 
Line 581,419, 581,485, 
Line -118,419, -118,483, 
Line 564,398, 564,505, 
Line -101,397, -101,505, 
Spline -101,397, -113,388, -126,399, -117,411, 
Spline -101,505, -113,516, -126,505, -117,491, 
Spline 564,398, 578,388, 590,399, 581,411, 
Spline 564,505, 577,515, 590,503, 582,491, 

Stairs -64,539, -64,513, -44,539, 
Stairs -33,539, -33,513, -13,539, 
Stairs 477,539, 477,513, 497,539, 
Stairs 508,539, 508,513, 528,539, 
Stairs 40,530, 40,492, 46,530, 
Stairs -64,390, -64,365, -44,390, 
Stairs -33,390, -33,365, -13,390, 
Stairs 40,373, 40,410, 46,373, 
Stairs 477,390, 477,365, 497,390, 
Stairs 508,390, 508,365, 528,391, 

PenColor FF0000
Arrow -37,370, -74,370, 
Arrow -1,522, -40,522, 
Arrow 501,370, 538,370, 
Arrow 465,522, 504,522, 
Arrow 558,383, 558,338, 
Arrow -94,383, -94,338, 
PenColor 009900
Arrow -74,382, -37,382, 
Arrow -38,533, -1,533, 
Arrow 538,382, 501,382, 
Arrow 502,533, 465,533, 
Arrow 593,524, 565,524, 
Arrow 604,338, 604,393, 
Arrow -129,524, -101,524, 
Arrow -140,338, -140,392, 

BrushColor -1
PenColor 0
AngleTextOut 0,Arial,30,140,431, Кутузовская, 1
AngleTextOut 0,Arial,20,-34,411, << Фили
AngleTextOut 0,Arial,20,377,462, Студенческая >>
PenColor FFFFFF
AngleTextOut 0,Arial,30,138,429, Кутузовская, 1
AngleTextOut 0,Arial,20,-35,409, << Фили
AngleTextOut 0,Arial,20,375,461, Студенческая >>

