size 980x604
Angle -12

BrushColor -1
PenColor AC24AC
AngleTextOut 0,Arial,20,249,191, << Текстильщики
AngleTextOut 0,Arial,20,488,376, Рязанский проспект >>
AngleTextOut 0,Arial,25,396,283, Кузьминки, 1
PenColor 00AFAF
AngleTextOut 0,Arial,15,805,280, Волгоградский проспект
AngleTextOut 0,Arial,15,12,279, Волгоградский проспект
AngleTextOut 90,Arial,15,292,171, Жигулевская улица
AngleTextOut 90,Arial,15,622,171, Зеленодольская улица
AngleTextOut 90,Arial,15,622,559, Зеленодольская улица
AngleTextOut 0,Arial,15,525,95, Макдональдс
AngleTextOut 90,Arial,15,284,559, улица Маршала Чуйкова
PenColor 0

BrushColor AC24AC
Polygon 298,215, 642,215, 642,249, 298,249, 
Polygon 298,340, 642,340, 642,374, 298,374, 

BrushColor 808080
Polygon 642,249, 642,257, 536,257, 536,249, 
Polygon 642,340, 536,340, 536,332, 642,332, 
Polygon 298,340, 298,332, 359,332, 359,340, 
Polygon 298,249, 359,249, 359,257, 298,257, 
Polygon 695,246, 716,246, 716,254, 695,254, 
Polygon 695,293, 716,293, 716,301, 695,301, 
Polygon 695,334, 716,334, 716,342, 695,342, 
Polygon 210,246, 231,246, 231,254, 210,254, 
Polygon 210,293, 231,293, 231,301, 210,301, 
Polygon 210,334, 231,334, 231,342, 210,342, 
Line 642,215, 716,215, 716,167, 663,167, 
Line 663,146, 798,146, 
Line 798,168, 743,168, 743,423, 805,423, 
Line 805,445, 663,445, 
Line 663,423, 717,423, 717,374, 642,374, 
Line 716,334, 716,301, 
Line 716,293, 716,254, 
Line 695,254, 695,293, 
Line 695,301, 695,334, 
Line 643,295, 537,295, 
Line 298,215, 210,215, 210,167, 264,167, 
Line 264,146, 122,146, 
Line 122,168, 184,168, 184,423, 122,423, 
Line 122,445, 264,445, 
Line 264,423, 210,423, 210,374, 298,374, 
Line 210,246, 210,215, 
Line 231,246, 231,215, 
Dashed 639,295, 639,332, 
Dashed 545,295, 545,332, 
Stairs 794,146, 794,168, 750,146, 
Stairs 711,146, 711,167, 667,146, 
Stairs 801,445, 801,423, 757,445, 
Stairs 711,423, 711,445, 667,423, 
Stairs 626,257, 626,295, 561,257, 
Stairs 357,257, 357,332, 300,257, 
Stairs 260,146, 260,167, 216,146, 
Stairs 170,146, 170,168, 126,146, 
Stairs 260,423, 260,445, 215,423, 
Stairs 170,423, 170,445, 126,423, 

PenColor FF0000
Arrow 252,355, 211,355, 
Arrow 675,357, 714,357, 
PenColor 009900
Arrow 206,273, 245,273, 
Arrow 206,317, 246,317, 
Arrow 628,277, 593,277, 
Arrow 716,229, 677,229, 

