Size 1840x430
Angle -3
;Image 1.bmp

BrushColor -1
PenColor 000000
AngleTextOut 0, Arial, 20, 21, 223, << Покровское-Стрешнево
AngleTextOut 0, Arial, 30, 761, 355, 'платформа "Ленинградская"'
AngleTextOut 0, Arial, 20, 1509, 256, Красный Балтиец >>
PenColor 00AFAF
AngleTextOut 0, Arial, 15, 881, 36, 1-й Войковский пр.
AngleTextOut -70, Arial, 15, 1782, 65, Ленинградское ш.

PenColor 000000

BrushColor 808080
PenColor 808080
Polygon 1202,280, 1202,314, 1160,314, 1160,348, 1136,348, 1136,314, 266,314, 266,280
Polygon 1202,191, 1202,224, 266,224, 266,191, 774,191, 774,130, 815,130, 815,191, 1048,191, 1048,130, 1131,130, 1131,191
Polygon 1230,280, 1490,280, 1490,314, 1306,314, 1306,348, 1281,348, 1281,314, 1230,314
Polygon 1230,191, 1490,191, 1490,224, 1230,224

PenColor FF0000
Arrow 869,171, 799,171
Arrow 991,171, 1063,171

PenColor 009900
Arrow 799,143, 869,143
Arrow 1063,143, 991,143


PenColor 000000

;вестибюль
Dashed 815,191, 815,130
Dashed 853,191, 853,130
Dashed 1009,191, 1009,130
Dashed 1048,191, 1048,130
Line 1048,191, 815,191
Line 1230,130, 774,130, 774,191, 266,191, 266,224, 1202,224, 1202,191, 1131,191, 1131,130
Line 1230,191, 1490,191, 1490,224, 1230,224, 1230,191
Line 1230,280, 1490,280, 1490,314, 1306,314, 1306,348, 1281,348, 1281,314, 1230,314, 1230,280
Line 266,280, 1202,280, 1202,314, 1160,314, 1160,348, 1136,348, 1136,314, 266,314, 266,280
Line 1160,348, 1281,348
Line 1282,326, 1230,326, 1230,314
Line 1160,326, 1202,326, 1202,314
Line 1202,280, 1202,152, 1131,152
Line 1230,280, 1230,130
Line 1152,191, 1152,152
Line 902,91, 902,130
Line 963,92, 963,130

Stairs 1202,326, 1202,348, 1160,326
Stairs 1230,326, 1230,348, 1281,326
Stairs 1202,184, 1230,184, 1202,152
Stairs 1198,152, 1198,130, 1131,152
Stairs 902,130, 963,130, 902,95

;кассы
Line 891,191, 891,164, 974,164, 974,191
BrushColor -1
AngleTextOut 0, Arial, 18, 909, 168, Кассы
AngleTextOut 90, Arial, 8, 1133, 187, Кассы на
AngleTextOut 90, Arial, 8, 1141, 185, '"Выход"'


;Железная дорога
Railway 10, 12, 8, 266,235, 1202,235
Railway 10, 12, 8, 267,259, 1202,259
Railway 10, 12, 8, 1230,235, 1490,235
Railway 10, 12, 8, 1230,259, 1491,259

;Левый вестибюль


;Турникеты


