size 792x804
Angle 45

BrushColor FC9C54
Polygon 196,334, 578,334, 578,360, 196,360, 
Polygon 196,436, 391,436, 391,462, 196,462, 
Polygon 433,436, 578,436, 578,462, 433,462, 

BrushColor 808080
Polygon 810,365, 835,365, 835,431, 810,431, 810,399, 795,399, 795,375, 810,375, 
Line 836,493, 836,475, 810,475, 810,480, 668,480, 668,315, 811,315, 811,320, 836,320, 836,302, 
Line 772,371, 772,364, 687,364, 687,431, 772,431, 772,424, 
Line 578,360, 578,370, 614,370, 
Line 578,436, 578,425, 614,425, 
Line 433,436, 433,418, 463,418, 
Line 391,436, 391,418, 361,418, 
Line 463,375, 361,375, 
Line 196,436, 196,425, 161,425, 
Line 196,360, 196,371, 161,371, 
Line 122,325, 122,318, 98,318, 98,331, 37,331, 37,370, 100,370, 100,425, 37,425, 37,465, 98,465, 98,479, 122,479, 122,472, 
Line 122,278, 122,286, 98,286, 98,272, 10,272, 10,313, -47,313, -47,460, -21,460, -21,525, 98,525, 98,510, 122,510, 122,518, 
Line 391,462, 433,462, 
Line 412,418, 412,462, 
Dashed 772,424, 772,371, 609,371, 609,424, 772,424, 
Dashed 100,371, 165,371, 165,424, 100,424, 
Dashed 37,370, 37,425, 
Spline 161,425, 152,398, 161,371, 
Spline 614,370, 623,397, 614,425, 
Stairs 361,418, 361,375, 391,418, 
Stairs 463,418, 463,375, 433,418, 

BrushColor -1
AngleTextOut 0,Arial,25,279,385, Ленинский проспект, 1
PenColor F7782E
AngleTextOut 0,Arial,20,440,467, Шаболовская >>
AngleTextOut 0,Arial,20,199,310, << Академическая
AngleTextOut 0,Arial,25,277,384, Ленинский проспект, 1
PenColor 00AFAF
AngleTextOut 0,Arial,15,335,81, Ленинский проспект
AngleTextOut 0,Arial,15,338,645, улица Вавилова
AngleTextOut -90,Arial,15,400,150, площадь Гагарина
PenColor 0

PenColor FF0000
Arrow 799,342, 848,342, 
Arrow 27,386, -11,386, 
Arrow 95,301, 134,301, 
PenColor 009900
Arrow 847,453, 799,453, 
Arrow -11,408, 28,408, 
Arrow 132,495, 88,495, 

