Size 640x740
Angle 20

PenColor FFD0D0
BrushColor FFD0D0
Polygon 136,285, 216,284, 216,348, 136,348
PenColor FF4040
Dashed 136,285, 216,284, 216,348, 136,348, 136,285
BrushColor -1
AngleTextOut 0, Arial, 15, 135, 255, Закрыто на, 1
AngleTextOut 0, Arial, 15, 127, 267, реконструкцию, 1

BrushColor -1
PenColor E41C0C
AngleTextOut 0, Arial, 15, 254, 319, << Охотный ряд
AngleTextOut 0, Arial, 15, 437, 383, Чистые пруды >>
AngleTextOut 0, Arial, 20, 403, 302, Лубянка, 1
PenColor AC24AC
AngleTextOut -60, Arial, 15, 270, 39, << Пушкинская
AngleTextOut -60, Arial, 15, 284, 189, Китай-город >>
AngleTextOut -60, Arial, 20, 274, 102, Кузнецкий мост, 1
PenColor 00AFAF
AngleTextOut 15, Arial, 15, 285, 616, Политехнический
AngleTextOut 15, Arial, 15, 290, 632, проезд
AngleTextOut -75, Arial, 15, 373, 648, Политехнический
AngleTextOut -75, Arial, 15, 359, 655, музей
AngleTextOut -75, Arial, 15, 424, 565, Лубянский проезд
AngleTextOut -75, Arial, 15, 254, 590, Новая площадь
AngleTextOut 0, Arial, 15, 273, 434, Лубянская пл.
AngleTextOut 0, Arial, 15, 42, 285, '"Детский мир"'
AngleTextOut 0, Arial, 15, 1, 318, Театральный проезд
AngleTextOut 0, Arial, 15, 473, 463, Мясницкая улица
AngleTextOut -110, Arial, 15, 165, -64, улица Рождественка
AngleTextOut 40, Arial, 15, 438, 203, улица
AngleTextOut 40, Arial, 15, 447, 213, Большая
AngleTextOut 40, Arial, 15, 456, 224, Лубянка
AngleTextOut 30, Arial, 15, -2, 470, Никольская улица
PenColor 000000
AngleTextOut -90, Arial, 7, 184, 357, кассы

;Лубянка
BrushColor E41C0C
Polygon 254,345, 254,336, 546,336, 546,345
Polygon 546,385, 546,376, 255,376, 255,385
Line 527,376, 527,372, 487,372, 487,366, 512,366
Line 543,366, 550,366, 550,444, 540,444
Line 526,345, 526,349, 487,349, 487,355, 512,355
Line 543,355, 567,355, 567,456, 540,456
Line 480,444, 480,431, 449,431, 446,425, 463,417
Line 458,406, 441,414, 431,393
Line 420,398, 428,415, 419,419, 429,442, 400,505, 262,542, 257,541, 259,519, 217,429
Line 194,410, 194,384, 198,382, 200,378, 200,371, 209,371, 209,367
Line 268,367, 278,367, 278,372, 255,372, 255,376
Line 254,345, 254,350, 278,350, 278,355, 268,355
Line 209,355, 209,351, 196,351, 196,300, 194,294, 190,289, 185,288, 139,288, 139,290
Line 139,298, 139,300, 141,300
Line 149,300, 182,300, 182,351, 176,351, 176,378, 178,382, 182,384, 182,430
Spline 182,430, 180,446, 177,449, 169,448, 153,446, 135,447
Spline 217,429, 211,419, 203,412, 194,410
Spline 138,459, 155,457, 170,460, 175,464, 177,467, 177,471, 174,478, 163,488, 148,497
Spline 151,509, 171,496, 188,477, 193,455, 194,421
Line 206,430, 248,520, 246,540, 178,534, 174,518
Spline 194,421, 201,423, 206,430
Line 163,521, 176,570
Line 187,566, 181,547, 268,555, 275,553, 280,571
Line 291,568, 286,550, 376,526, 381,546
Line 393,543, 388,523, 414,516, 419,536
Line 430,533, 425,513, 453,505
Line 450,492, 423,499, 441,462, 480,462, 480,456
Line 426,357, 426,365, 412,365, 409,361, 412,357, 426,357
Line 346,365, 346,357, 360,357, 363,361, 360,365, 346,365
Line 182,353, 182,382
Dashed 473,444, 540,444, 540,456, 473,456, 473,444
Dashed 512,366, 512,355, 543,355, 543,366, 512,366
Dashed 209,367, 209,355, 268,355, 268,367, 209,367
Stairs 444,494, 447,506, 432,497
Stairs 429,529, 418,532, 426,516
Stairs 391,539, 380,542, 388,526
Stairs 287,553, 276,556, 290,565
Stairs 175,567, 186,564, 172,555
Stairs 164,524, 175,521, 168,539
Stairs 450,423, 445,412, 463,417
Stairs 427,412, 437,407, 420,398
Stairs 258,525, 248,524, 257,534
Stairs 246,515, 255,511, 241,505
Stairs 172,288, 172,300, 155,288
Stairs 121,442, 133,439, 123,450
Stairs 100,448, 110,445, 102,457
Stairs 107,476, 118,473, 106,470
Stairs 123,484, 120,474, 130,482
Stairs 140,468, 129,471, 138,461
Stairs 118,430, 120,438, 108,433
Stairs 139,524, 136,512, 127,527
Stairs 130,490, 133,500, 117,494
Stairs 122,516, 119,504, 135,512
Stairs 182,304, 196,304, 182,313
PenColor 808080
Line 395,357, 395,345
Line 376,357, 376,345
Line 376,365, 395,365
Dashed 412,365, 395,365, 395,357, 412,357
Dashed 360,365, 376,365, 376,357, 360,357
PenColor C00000
Line 395,336, 395,345
Line 376,336, 376,345
PenColor 000000

;Кузнецкий мост
BrushColor AC1CAC
Polygon 330,268, 337,264, 221,63, 214,67
Polygon 361,250, 368,246, 252,45, 245,49
Line 183,-38, 174,-13
Line 363,270, 391,319, 395,326, 395,336
Line 353,276, 376,316, 376,336
Line 361,250, 354,254
Line 337,264, 344,260
Line 245,49, 240,52, 261,88, 259,89, 245,65
Spline 235,71, 235,64, 239,62, 245,65
Line 235,71, 249,95, 247,96, 226,60, 221,63
Line 205,-5, 201,-12
Line 195,1, 191,-6
Line 383,336, 383,329, 382,324, 385,324, 387,330, 387,336
Line 186,-46, 188,-52
Line 168,3, 170,-3
Dashed 205,-5, 245,65, 235,71, 195,1
Dashed 191,-6, 201,-12
Dashed 335,245, 345,239, 363,270, 353,276, 335,245
Spline 188,-52, 210,-39, 216,-21, 209,-2, 193,7, 168,3

Line 96,436, 130,427, 135,447
Line 138,459, 143,479
Line 151,509, 154,520, 118,530, 109,496, 145,486, 148,497
Line 133,500, 119,504
Line 136,512, 122,516
Line 143,479, 110,488, 96,436
Line 138,461, 127,464, 129,472, 118,475, 116,467
Line 135,447, 123,450, 120,438, 109,441, 113,455

PenColor 000000
Arrow 381,307, 369,286
Arrow 364,289, 376,310
Arrow 424,361, 414,361
Arrow 358,361, 348,361
PenColor FF0000
Arrow 147,502, 140,504, 137,494, 114,500, 116,508, 128,505
Arrow 148,506, 141,508, 143,516, 120,522, 118,514, 130,511
Arrow 181,-5, 167,-10
PenColor 009900
Arrow 116,459, 109,461, 103,439, 125,433, 131,455, 142,452
Arrow 117,464, 110,466, 114,482, 136,476, 132,459, 143,456
Arrow 179,-44, 193,-39

