size 500x700
Angle -80

BrushColor -1
PenColor 5C9F2E
AngleTextOut 0,Arial,30,197,451, Марьино, 1
AngleTextOut 0,Arial,20,114,387, << Братиславская
PenColor 00AFAF
AngleTextOut 0,Arial,15,183,317, Люблинская ул.
AngleTextOut 90,Arial,15,-33,247, Новомарьинская ул.
AngleTextOut 90,Arial,15,544,547, Новочеркасский б-р
AngleTextOut 90,Arial,15,510,256, Марьинский б-р

PenColor 0

BrushColor 84BC54
Polygon 163,415, 342,415, 342,439, 163,439, 
Polygon 164,500, 342,500, 342,526, 164,526, 

BrushColor 808080
Polygon 342,526, 342,487, 413,487, 413,526, 
Polygon 164,526, 164,487, 93,487, 93,526, 
Polygon 342,415, 342,452, 413,452, 413,415, 
Polygon 163,415, 163,452, 93,452, 93,415, 
Polygon 471,442, 494,442, 494,497, 471,497, 
Polygon -9,497, 15,497, 15,442, -9,442, 
Line -78,274, 20,274, 
Line -78,291, -45,291, -45,344, -79,344, 
Line -79,361, -45,361, -45,419, -52,419, -52,526, 93,526, 
Line 93,415, -13,415, -13,361, 20,361, 
Line 20,343, -14,343, -14,292, 20,292, 
Line 413,526, 531,526, 531,361, 565,361, 
Line 565,344, 531,344, 531,292, 564,292, 
Line 564,275, 465,275, 
Line 465,292, 500,292, 500,344, 466,344, 
Line 466,361, 500,361, 500,415, 414,415, 
Stairs -78,274, -78,291, -45,274, 
Stairs 20,292, 20,274, -14,292, 
Stairs -45,361, -45,344, -79,361, 
Stairs 97,487, 97,452, 126,487, 
Stairs 139,487, 139,452, 160,487, 
Stairs 345,487, 345,452, 369,487, 
Stairs 381,487, 381,452, 406,487, 
Stairs 466,361, 466,344, 500,361, 
Stairs 565,361, 565,344, 531,361, 
Stairs 465,292, 465,275, 500,292, 
Stairs 564,292, 564,275, 531,292, 
Stairs 500,371, 531,371, 500,380, 
Stairs -45,371, -13,371, -45,381, 
Stairs 20,361, 20,343, -13,361, 

PenColor FF0000
Arrow 20,510, -22,510, 
Arrow 466,510, 507,510, 
PenColor 009900
Arrow -16,427, 29,427, 
Arrow 501,427, 457,427, 

