Size 580x1240
Angle -87

BrushColor -1
PenColor 84BC54
AngleTextOut 0, Arial, 30, 166, 619, Марьина Роща, 1
AngleTextOut 0, Arial, 20, 227, 647, (строится)
AngleTextOut 0, Arial, 20, 16, 565, << тупик
AngleTextOut 0, Arial, 20, 410, 709, Достоевская >>
PenColor 00AFAF
AngleTextOut 0, Arial, 15, -33, 731, Шереметьевская улица
AngleTextOut 90, Arial, 15, -273, 526, 4-й проезд Марьиной рощи
AngleTextOut 90, Arial, 15, 53, 526, 3-й проезд Марьиной рощи
AngleTextOut 90, Arial, 15, 585, 526, 1-й проезд Марьиной рощи
AngleTextOut 90, Arial, 15, 878, 705, Сущевский вал

PenColor 000000
Line

Line 12,682, 12,669
Line 12,624, 12,611
Dashed -99,624, 50,624, 50,669, -99,669, -99,624
Line -80,624, -80,597, -199,597, -199,511, -111,511
Line -100,470, -226,470, -226,597, -246,597, -246,692, -226,692, -226,797, -321,797
Line -321,824, -226,824, -226,860, -142,860
Line -199,874, -128,874, -128,847, -199,847
Line -128,819, -199,819, -199,692, -80,692, -80,669
Line -182,524, -100,524, -100,497, -199,497
Stairs -136,847, -136,819, -150,847
Stairs -157,847, -157,819, -171,847
Stairs -178,847, -178,819, -192,847
Stairs -314,824, -314,797, -300,824
Stairs -293,824, -293,797, -279,824
Stairs -272,824, -272,797, -258,824
Stairs -104,497, -104,470, -118,497
Stairs -125,497, -125,470, -139,497
Stairs -146,497, -146,470, -160,497
Stairs -226,567, -199,567, -226,553

Line 542,682, 542,669
Line 542,624, 542,611
Dashed 486,669, 486,624, 660,624, 660,669, 486,669
Line 633,624, 633,588, 751,588, 751,507, 681,507
Line 681,478, 850,478
Line 850,507, 780,507, 780,588, 809,588, 809,702, 780,702, 780,749, 834,749, 834,869
Line 805,869, 805,797, 780,797, 780,835, 570,835
Line 570,806, 751,806, 751,702, 633,702, 633,669
Stairs 688,507, 688,478, 702,507
Stairs 709,507, 709,478, 723,507
Stairs 730,507, 730,478, 744,507
Stairs 843,507, 843,478, 829,507
Stairs 822,507, 822,478, 808,507
Stairs 801,507, 801,478, 787,507
Stairs 576,806, 576,835, 598,806
Stairs 604,806, 604,835, 626,806
Stairs 805,863, 834,863, 805,841
Stairs 805,832, 834,832, 805,810
Stairs 751,730, 780,730, 751,716

BrushColor 808080
Polygon -161,628, -130,628, -130,664, -161,664
Polygon 697,625, 697,668, 726,668, 726,625

BrushColor 84BC54
Polygon 12,682, 12,703, 542,703, 542,682
Polygon 12,611, 12,591, 542,591, 542,611

BrushColor -1
PenColor E41C0C
AngleTextOut 0, Arial, 25, 126, 708, Откроется в 2010 году

