Size 1150x1240
Angle 40

PenColor 047C54
AngleTextOut 270, Arial, 35, 416, 562, Маяковская, 1
AngleTextOut 270, Arial, 25, 314, 737, Тверская >>
AngleTextOut 270, Arial, 25, 505, 447, << Белорусская

BrushColor -1
PenColor 00AFAF
AngleTextOut 0, Arial, 25, 82, 842, Триумфальная пл.
AngleTextOut 0, Arial, 25, 82, 864, Большая Садовая ул.
AngleTextOut 0, Arial, 25, 618, 890, Садовая-Триумфальная ул.
AngleTextOut 270, Arial, 25, 504, 1094, Тверская ул.
AngleTextOut 270, Arial, 25, 463, -60, 1-я Тверская-Ямская ул.
AngleTextOut 0, Arial, 25, 491, 11, 1-й Тверской-Ямской пер.
PenColor 000000

BrushColor 047C54
Polygon 443,829, 474,829, 474,481, 443,481
Polygon 317,829, 348,829, 348,481, 317,481
Line 443,481, 437,481, 437,509, 354,509, 354,481, 348,481
Line 443,829, 437,829, 437,915, 463,915, 463,949, 490,949, 490,967, 779,967, 779,946, 802,946, 802,957, 823,957, 823,940
Line 863,941, 863,957, 870,957, 870,1074, 699,1074, 699,1070, 682,1070
Line 683,1030, 777,1030, 777,1019, 498,1019, 498,1036, 483,1036, 483,1051, 462,1051, 462,1073, 346,1073, 346,1055, 140,1055, 140,1005, 137,1005, 137,903, 130,903
Line 251,902, 245,902, 245,965, 345,965, 345,959, 329,959, 329,915, 354,915, 354,829, 348,829
Dashed 354,829, 354,813, 437,813, 437,829
Dashed 354,887, 437,887

BrushColor 808080
Stairs 562,968, 562,1019, 624,967
Stairs 645,967, 645,1019, 695,967
Stairs 717,967, 717,1019, 774,967
Stairs 250,965, 250,1055, 283,965
Stairs 303,965, 303,1055, 338,965
Stairs 137,927, 245,927, 137,963
Polygon 240,1006, 240,1014, 346,1014, 346,1006
Polygon 189,900, 189,924, 200,924, 200,900
Stairs 611,134, 695,134, 611,171
Stairs 574,43, 574,122, 610,43

Line 361,509, 361,292, 434,292, 434,305, 482,247, 482,232, 694,232, 694,390
Line 430,509, 430,397, 481,338, 481,354, 613,354
Line 613,390, 613,294
Line 555,231, 555,172, 757,172, 757,399
Line 552,398, 552,354
Line 611,171, 611,122, 520,122
Line 695,172, 695,43, 521,43
Line 521,43, 521,53
Line 547,43, 547,53
Line 520,74, 520,88
Line 547,74, 547,88
Line 520,110, 520,122
Line 547,110, 547,122
Spline 757,399, 746,433, 714,474, 654,497, 587,474, 560,433, 552,398
Polygon 435,356, 435,347, 482,293, 482,302
Dashed 361,414, 430,414
Dashed 613,232, 613,313, 694,313
Dashed 613,390, 694,390

PenColor FF0000
Arrow 378,893, 378,922
Arrow 332,986, 292,986
Arrow 226,948, 226,923
Arrow 534,1007, 559,1007
Arrow 699,1042, 675,1042
Arrow 835,959, 835,925
Arrow 521,97, 482,97
Arrow 671,274, 671,305
Arrow 407,407, 407,372
PenColor 009900
Arrow 414,921, 414,893
Arrow 258,1035, 297,1035
Arrow 165,946, 165,973
Arrow 558,979, 533,979
Arrow 675,1058, 700,1058
Arrow 849,935, 849,972
Arrow 482,67, 522,67
Arrow 643,305, 643,274
Arrow 378,373, 378,407

PenColor FF4040
BrushColor -1
Dashed 531,880, 911,880, 911,1085, 531,1085, 531,880
AngleTextOut 0, Arial, 15, 690, 845, на реконструкции, 1

