size 390x913
Angle 90

BrushColor -1
PenColor F7782E
AngleTextOut 0,Arial,20,250,572, тупик >>
AngleTextOut 0,Arial,20,37,419, << Бабушкинская
AngleTextOut 0,Arial,25,123,494, Медведково, 1
PenColor 00AFAF
AngleTextOut 0,Arial,15,141,626, улица Грекова
AngleTextOut -90,Arial,15,342,301, улица Широкая
PenColor 0

BrushColor FC9C54
Polygon 28,443, 330,443, 330,471, 28,471, 
Polygon 28,540, 330,540, 330,568, 28,568, 

BrushColor 808080
Polygon 330,443, 330,483, 383,483, 383,443, 
Polygon 330,568, 330,528, 383,528, 383,568, 
Polygon 28,443, 28,482, -48,482, -48,443, 
Polygon 28,568, 28,529, -48,529, -48,568, 
Polygon -241,348, -205,348, -205,394, -241,394, 
Polygon -241,439, -205,439, -205,485, -241,485, 
Polygon -241,527, -205,527, -205,573, -241,573, 
Line -205,361, -98,361, -98,482, 
Line -98,529, -98,564, -205,564, 
Line -48,482, -107,482, 
Line -48,529, -107,529, 
Line 383,483, 539,483, 
Line 383,528, 539,528, 
Line 483,443, 459,443, 459,483, 
Line 539,545, 539,576, 459,576, 459,528, 
Line 585,545, 585,576, 624,576, 624,396, 458,396, 458,403, 
Dashed 539,483, 539,528, 
Dashed 383,483, 383,528, 
Stairs -105,482, -105,529, -24,482, 

PenColor FF0000
Arrow 562,539, 562,585, 
Arrow -19,517, -67,517, 
Arrow -200,506, -248,506, 
Arrow 331,516, 371,516, 
PenColor 009900
Arrow 448,423, 496,423, 
Arrow -62,494, -14,494, 
Arrow -244,416, -196,416, 
Arrow 368,495, 328,495, 

