Size 1360x1160
Angle -36
;Angle 11
BrushColor -1
PenColor 34349C
AngleTextOut 0, Arial, 20, 602, 476, << тупик
AngleTextOut 0, Arial, 20, 847, 616, Волоколамская >>
AngleTextOut 0, Arial, 20, 745, 556, (строится)
AngleTextOut 0, Arial, 25, 749, 536, Митино, 1
PenColor 00AFAF
AngleTextOut 0, Arial, 15, 740, 698, Митинская улица
AngleTextOut 0, Arial, 15, 79, 658, Митинская улица
AngleTextOut 90, Arial, 15, 257, 728, улица Дубравная
PenColor 000000

BrushColor 34349C
Polygon 596,523, 596,501, 1009,501, 1009,523
Polygon 596,614, 596,592, 1009,592, 1009,614


Stairs 407,249, 438,249, 407,267
Stairs 407,305, 438,305, 407,323
Stairs 407,277, 438,277, 407,295
Stairs 196,249, 228,249, 196,267
Stairs 196,305, 228,305, 196,323
Stairs 196,277, 228,277, 196,295
Stairs 112,333, 112,364, 130,333
Stairs 168,333, 168,364, 186,333
Stairs 140,333, 140,364, 158,333
Stairs 56,791, 56,821, 74,790
Stairs 112,790, 112,821, 130,790
Stairs 84,790, 84,821, 102,790
Stairs 140,905, 172,905, 140,887
Stairs 140,849, 172,849, 140,831
Stairs 140,877, 172,877, 140,859
Stairs 357,905, 388,905, 357,887
Stairs 357,849, 388,849, 357,831
Stairs 357,877, 388,877, 357,859

Stairs 472,821, 472,790, 454,821
Stairs 416,821, 416,790, 398,821
Stairs 444,821, 444,790, 426,821


BrushColor 808080
Polygon 1177,532, 1177,582, 1141,582, 1141,532
Polygon 427,582, 427,532, 464,532, 464,582
Line 1009,592, 1009,577, 1077,577
Line 1009,523, 1009,536, 1078,536
Line 1009,501, 1177,501, 1177,472, 1087,472
Line 1087,443, 1177,443, 1177,363, 1087,363
Line 1087,332, 1308,332
Line 1308,363, 1219,363, 1219,443, 1308,443
Line 1308,472, 1219,472, 1219,789, 1308,789
Line 1307,820, 1087,820
Line 1087,789, 1177,789, 1177,614, 1009,614
Stairs 1014,577, 1014,536, 1072,577
Stairs 1300,332, 1300,363, 1282,332
Stairs 1272,332, 1272,363, 1254,332
Stairs 1244,332, 1244,363, 1226,332
Stairs 1095,332, 1095,363, 1113,332
Stairs 1123,332, 1123,363, 1141,332
Stairs 1151,332, 1151,363, 1169,332
Stairs 1244,472, 1244,443, 1226,472
Stairs 1272,472, 1272,443, 1254,472
Stairs 1300,472, 1300,443, 1282,472
Stairs 1151,472, 1151,443, 1169,472
Stairs 1123,472, 1123,443, 1141,472
Stairs 1095,472, 1095,443, 1113,472
Stairs 1300,820, 1300,789, 1282,820
Stairs 1272,820, 1272,789, 1254,820
Stairs 1244,820, 1244,789, 1226,820
Stairs 1095,789, 1095,820, 1113,789
Stairs 1123,789, 1123,820, 1141,789
Stairs 1151,789, 1151,820, 1169,789

Line 596,523, 596,537, 528,537
Line 596,592, 596,578, 528,578
Stairs 591,578, 591,537, 533,578
Line 596,501, 425,501, 425,472, 513,472
Line 513,443, 424,443, 439,364, 533,364
Line 533,333, 438,333, 438,237
Line 407,237, 407,333, 228,333, 228,237
Line 196,237, 196,333, 100,333
Line 100,364, 405,364, 390,441, 390,615, 356,790, 44,790
Line 44,821, 140,821, 140,916
Line 172,916, 172,821, 357,821, 357,916
Line 388,916, 388,821, 484,821
Line 484,790, 392,790, 427,614, 596,614
Stairs 449,472, 449,443, 431,472
Stairs 477,472, 477,443, 459,472
Stairs 505,472, 505,443, 487,472
Stairs 466,333, 466,364, 447,333
Stairs 494,333, 494,364, 476,333
Stairs 522,333, 522,364, 504,333

PenColor FF0000
Arrow
PenColor 009900
Arrow

