Size 900x740
Angle -35

BrushColor -1
PenColor 34349C
AngleTextOut 0, Arial, 20, 226, 233, << Крылатское
AngleTextOut 0, Arial, 30, 383, 357, Молодежная, 1
AngleTextOut 0, Arial, 20, 599, 497, Кунцевская >>
PenColor 00AFAF
AngleTextOut 0, Arial, 15, 532, 179, Ельнинская улица
AngleTextOut 90, Arial, 15, 449, 217, Ярцевская улица
PenColor 000000

BrushColor 34349C
Polygon 209,257, 293,257, 293,264, 626,264, 626,257, 711,257, 711,302, 209,302
Polygon 209,446, 711,446, 711,491, 626,491, 626,484, 293,484, 293,491, 209,491

BrushColor 808080
Polygon 209,319, 209,324, 292,324, 292,333, 312,333, 312,319
Polygon 265,392, 265,387, 209,387, 209,429, 312,429, 312,415, 292,415, 292,424, 214,424, 214,392
Polygon 711,324, 711,319, 608,319, 608,334, 628,334, 628,324
Polygon 654,392, 706,392, 706,424, 628,424, 628,415, 608,415, 608,429, 711,429, 711,387, 654,387
Polygon 818,324, 750,324, 750,387, 818,387, 818,392, 750,392, 750,423, 818,423, 818,433, 744,433, 744,314, 818,314
Polygon 102,422, 170,422, 170,392, 102,392, 102,387, 170,387, 170,325, 102,324, 102,314, 175,314, 175,433, 102,433

Line 743,241, 743,258, 897,258, 897,276, 892,276, 892,470, 897,470, 897,490, 743,490, 743,505
Line 177,243, 177,258, 23,258, 23,277, 28,277, 28,470, 23,470, 23,490, 177,490, 177,505
Line 711,302, 711,446
Line 209,302, 209,446
Dashed 102,324, 102,387
Dashed 261,387, 261,324
Dashed 659,387, 659,324
Dashed 818,324, 818,387
Stairs 706,424, 706,392, 690,424
Stairs 214,424, 214,392, 230,424
Stairs 678,424, 678,392, 658,424
Stairs 242,424, 242,392, 262,424
Stairs 750,423, 750,392, 778,423
Stairs 818,423, 818,392, 789,423
Stairs 170,422, 170,392, 142,422
Stairs 102,422, 102,392, 131,422

PenColor FF0000
Arrow 120,286, 168,286
Arrow 94,350, 69,350
Arrow 783,286, 736,286
Arrow 821,356, 845,356
PenColor 009900
Arrow 179,459, 123,459
Arrow 75,407, 98,407
Arrow 847,407, 822,407
Arrow 740,458, 795,458

PenColor FF4040
BrushColor -1
Dashed 320,313, 195,313, 195,235, 18,236, 18,510, 195,509, 195,433, 320,433, 320,313
AngleTextOut 0, Arial, 15, 51, 213, на реконструкции, 1

