size 495x937
Angle 90

BrushColor -1
PenColor 4C4C4C
AngleTextOut 0,Arial,20,272,606, Тульская >>
AngleTextOut 0,Arial,20,119,420, << Нагорная
AngleTextOut 0,Arial,25,181,513, Нагатинская, 1
PenColor 00AFAF
AngleTextOut 0,Arial,15,164,677, Варшавское шоссе
AngleTextOut 0,Arial,15,-48,279, платформа "Нижние Котлы"
PenColor 0

BrushColor 9CA4A4
Polygon 108,444, 381,444, 381,478, 108,478, 
Polygon 108,569, 381,569, 381,603, 108,603, 

BrushColor 808080
Polygon 381,444, 381,486, 487,486, 487,444, 
Polygon 381,603, 381,561, 488,561, 488,603, 
Polygon 108,603, 108,561, 2,561, 2,603, 
Polygon 108,444, 108,486, 1,486, 1,444, 
Polygon 571,475, 592,475, 592,572, 571,572, 
Polygon -102,475, -81,475, -81,572, -102,572, 
Line 487,444, 573,444, 573,449, 599,449, 599,443, 602,443, 602,376, 701,376, 701,421, 657,421, 
Line 675,399, 623,399, 623,621, 682,621, 
Line 682,642, 544,642, 
Line 544,621, 602,621, 602,603, 598,603, 598,597, 573,597, 573,603, 488,603, 
Line 1,444, -83,444, -83,449, -108,449, -108,444, -112,444, -112,424, -58,424, 
Line -58,404, -112,404, -112,334, -57,334, 
Line -57,313, -112,313, -112,262, -57,262, 
Line -57,242, -196,242, 
Line -196,263, -133,263, -133,444, -146,444, -146,603, -108,603, -108,597, -82,597, -82,603, 2,603, 
Dashed 102,486, 102,561, 
Dashed 11,486, 11,561, 
Stairs 628,376, 628,399, 643,376, 
Stairs 657,421, 657,376, 672,421, 
Stairs 553,621, 553,642, 597,621, 
Stairs 634,621, 634,642, 678,621, 
Stairs 398,486, 398,561, 463,486, 
Stairs -106,404, -106,424, -62,404, 
Stairs -105,313, -105,334, -61,313, 
Stairs -105,242, -105,262, -61,242, 
Stairs -190,242, -190,263, -146,242, 
Stairs -133,297, -113,297, -133,313, 

PenColor FF0000
Arrow 570,460, 598,460, 
Arrow -79,459, -107,459, 
PenColor 009900
Arrow 596,583, 568,583, 
Arrow -105,583, -77,583, 

