size 780x800
Angle 47

BrushColor -1
PenColor 4C4C4C
AngleTextOut 0,Arial,20,364,458, Нагатинская >>
AngleTextOut 0,Arial,20,129,269, << Нахимовский проспект
AngleTextOut 0,Arial,25,268,361, Нагорная, 1
PenColor 00AFAF
AngleTextOut 0,Arial,15,750,378, Электролитный проезд
AngleTextOut -90,Arial,15,81,475, Криворожская улица
AngleTextOut -90,Arial,15,84,183, улица Ремизова
PenColor 0

BrushColor 9CA4A4
Polygon 122,296, 487,296, 487,330, 122,330, 
Polygon 122,421, 487,421, 487,455, 122,455, 

BrushColor 808080
Polygon 487,296, 487,338, 593,338, 593,296, 
Polygon 487,455, 487,413, 594,413, 594,455, 
Polygon 681,327, 702,327, 702,424, 681,424, 
Line 122,330, 122,347, 131,347, 131,403, 122,403, 122,421, 
Line 593,296, 707,296, 707,255, 
Line 685,284, 685,232, 
Line 729,232, 729,517, 788,517, 
Line 788,538, 650,538, 
Line 650,517, 708,517, 708,455, 594,455, 
Spline 685,232, 708,217, 729,232, 
Stairs 504,338, 504,413, 569,338, 
Stairs 685,284, 707,284, 685,264, 
Stairs 685,255, 729,255, 685,235, 
Stairs 659,517, 659,538, 703,517, 
Stairs 740,517, 740,538, 785,517, 

PenColor FF0000
Arrow 678,309, 705,309, 
PenColor 009900
Arrow 704,437, 676,437, 

