size 699x1080
Angle 60

BrushColor -1
PenColor 4C4C4C
AngleTextOut 0,Arial,20,417,613, Нагорная >>
AngleTextOut 0,Arial,20,234,426, << Севастопольская
AngleTextOut 0,Arial,25,248,518, Нахимовский проспект, 1
PenColor 00AFAF
AngleTextOut -75,Arial,15,897,443, Нахимовский проспект
AngleTextOut 0,Arial,15,796,523, Азовская улица
AngleTextOut 0,Arial,15,-173,523, Азовская улица
AngleTextOut -90,Arial,15,-208,484, Сивашская улица
AngleTextOut -90,Arial,15,416,731, Фруктовая улица
PenColor 0

BrushColor 9CA4A4
Polygon 230,451, 523,451, 523,485, 230,485, 
Polygon 230,576, 523,576, 523,610, 230,610, 

BrushColor 808080
Polygon 523,610, 523,568, 630,568, 630,610, 
Polygon 230,610, 230,568, 124,568, 124,610, 
Polygon 230,451, 230,493, 123,493, 123,451, 
Polygon 523,451, 523,493, 629,493, 629,451, 
Polygon 706,482, 727,482, 727,579, 706,579, 
Polygon 10,482, 31,482, 31,579, 10,579, 
Line 629,451, 708,451, 708,456, 734,456, 734,450, 744,450, 744,415, 686,415, 
Line 686,395, 791,395, 791,339, 
Line 811,339, 811,416, 765,416, 765,628, 824,628, 
Line 630,610, 708,610, 708,604, 734,604, 734,610, 744,610, 744,649, 824,649, 
Line 123,451, 37,451, 37,456, 12,456, 12,450, 10,450, 10,403, -63,403, 
Line -63,424, -11,424, -11,451, -33,451, -33,610, -22,610, -22,648, 55,648, 
Line 124,610, 37,610, 37,604, 12,604, 12,610, -1,610, -1,627, 55,627, 
Line 532,530, 612,530, 
Dashed 612,530, 612,493, 
Dashed 532,530, 532,493, 
Dashed 224,493, 224,568, 
Dashed 133,493, 133,568, 
Stairs -61,403, -61,424, -18,403, 
Stairs 10,627, 10,648, 55,627, 
Stairs 540,530, 540,568, 605,530, 
Stairs 689,395, 689,415, 731,395, 
Stairs 776,628, 776,649, 820,628, 
Stairs 791,386, 811,386, 791,342, 

PenColor FF0000
Arrow 705,467, 734,467, 
Arrow 35,590, 7,590, 
PenColor 009900
Arrow 731,590, 703,590, 
Arrow 9,467, 37,467, 

