Size 1900x1700
Angle -23

BrushColor 84AC60
Polygon 217,1124, 444,1116, 401,1137, 299,1203, 203,1275
Polygon 947,1203, 947,1136, 801,1136, 801,1117, 1790,1117, 1793,1164
Polygon 265,1613, 702,1284, 728,1270, 757,1262, 1054,1262, 1080,1272, 1099,1296, 1110,1342, 1129,1449, 1144,1477, 1167,1489, 1231,1480, 1291,1462, 1311,1441, 1321,1410, 1323,1308, 1323,1284, 1333,1269, 1355,1262, 1811,1227, 1641,1444, 1360,1561, 1113,1658, 617,1840, 434,1758, 315,1680
Polygon 1068,30, 1068,407, 1051,450, 1018,483, 982,497, 901,497, 6,497, 230,267, 534,124
Polygon 1134,27, 1134,503, 1168,522, 1201,522, 1201,554, 1231,542, 1669,542, 1431,253, 1287,109
Polygon 1785,879, 989,878, 989,851, 1031,797, 1075,772, 1217,772, 1263,839, 1324,839, 1326,747, 1243,746, 1217,727, 1217,688, 1302,688, 1302,573, 1680,573, 1716,680, 1761,790
Polygon 563,841, 563,774, 498,774, 465,707, 457,594, 461,553, 989,553, 989,764, 911,841

BrushColor 606060
Polygon 1039,615, 1152,615, 1152,689, 1039,689
Polygon 723,670, 723,722, 644,722, 644,670
Polygon 609,670, 609,722, 506,722, 506,670
Polygon 563,774, 563,841, 498,841, 498,774
Polygon 738,1202, 738,1163, 669,1163, 669,1202
Polygon 659,1180, 659,1140, 623,1140, 623,1180
Polygon 602,1258, 559,1203, 453,1284, 497,1340

BrushColor DDDDDD
Polygon 1217,573, 1302,573, 1302,688, 1217,688
Polygon 816,728, 816,665, 943,665, 943,728
Polygon 1168,554, 1168,522, 1201,522, 1201,554
Polygon 946,878, 946,851, 989,851, 989,878
Polygon 898,1201, 943,1201, 943,1149, 898,1149
Polygon 770,1468, 800,1466, 795,1390, 764,1392, 761,1342, 844,1337, 858,1512, 773,1517
Polygon 390,1368, 430,1340, 460,1382, 420,1411
Polygon 623,1180, 623,1140, 659,1140, 659,1180
Polygon 1342,680, 1512,680, 1512,738, 1342,738
BrushColor CC4400
Polygon 828,1171, 877,1171, 877,1217, 828,1217
Polygon 420,1411, 394,1374, 351,1404, 377,1442

Railway 9, 11, 9, 250,929, 1765,929
Railway 9, 11, 9, 250,982, 1765,982
Railway 9, 11, 9, 250,1002, 1765,1002
Railway 9, 11, 9, 250,909, 1765,909
Railway 9, 11, 9, 250,889, 1765,889
Railway 9, 11, 9, 250,862, 365,863, 483,871, 554,885, 625,889
Railway 9, 11, 9, 250,1059, 1765,1059
Railway 9, 11, 9, 250,1079, 1765,1079
Railway 9, 11, 9, 250,1099, 1765,1099
Railway 9, 11, 9, 211,1288, 346,1189, 466,1122, 596,1099

BrushColor -1
PenColor 000000
AngleTextOut 0, Arial, 20, 128, 921, << Малиновка
AngleTextOut 0, Arial, 20, 1772, 996, Аникеевка >>
AngleTextOut 0, Arial, 15, 948, 857, Кассы
AngleTextOut 0, Arial, 10, 628, 1166, Кассы
AngleTextOut 0, Arial, 30, 1077, 635, ТК
AngleTextOut -90, Arial, 22, 1273, 579, Гастроном

BrushColor -1
PenColor 00AFAF
AngleTextOut 90, Arial, 20, 1096, 325, Станционная улица
AngleTextOut 0, Arial, 20, 506, 521, Станционная улица
AngleTextOut 37, Arial, 20, 414, 1445, Институтская улица
AngleTextOut 4, Arial, 20, 1114, 1215, Институтская улица
PenColor 000000
BrushColor 0000FF
SpotCircle 10, 1141, 789, ShowMessage Авт. 827

BrushColor -1
PenColor FFFFFF
AngleTextOut 23, Arial, 20, 1131, 781, A, 1
PenColor 000000


BrushColor 909090
Polygon 425,1021, 1652,1021, 1652,1048, 425,1048
Polygon 389,973, 389,946, 1582,946, 1582,957, 1617,957, 1617,973


Line 471,1157, 525,1140, 943,1140, 943,1201, 898,1201, 898,1149, 943,1149
Line 828,1171, 877,1171, 877,1217, 828,1217, 828,1171
Line 738,1163, 738,1202, 669,1202, 669,1163, 738,1163
Line 623,1140, 623,1180, 659,1180, 659,1140
Line 453,1284, 559,1203, 602,1258, 497,1340, 453,1284
Line 516,1236, 559,1292
Line 420,1411, 390,1368, 430,1340, 460,1382, 377,1442, 351,1404, 394,1374
Line 788,1364, 764,1392, 761,1342, 844,1337, 858,1512, 773,1517, 770,1468, 798,1492, 773,1517
Line 761,1342, 788,1364, 819,1363, 844,1337
Line 764,1392, 795,1390, 800,1466, 770,1468
Line 798,1492, 829,1489, 819,1363, 795,1390
Line 800,1466, 858,1512
Line 563,806, 498,806
Line 228,1574, 649,1249, 672,1237, 698,1229, 724,1226, 879,1226, 899,1210, 1798,1169
Line 1811,1221, 1338,1253, 1317,1267, 1311,1290, 1311,1412, 1306,1431, 1294,1446, 1278,1458, 1188,1479, 1162,1479, 1146,1465, 1139,1447, 1112,1304, 1101,1279, 1079,1261, 1051,1255, 759,1255, 739,1259, 722,1265, 705,1274, 259,1608
Line 408,881, 208,881
Line 563,841, 563,774, 498,774, 498,841, 911,841, 989,764, 989,553, 4,553
Line 4,509, 983,509, 1024,494, 1063,456, 1080,407, 1080,30
Line 1134,27, 1134,503, 1168,522, 1168,554, 1201,554, 1231,542, 1669,542
Line 1680,573, 1217,573, 1217,727, 1243,746, 1326,747, 1324,839, 1263,839, 1217,772, 1075,772, 1031,797, 989,851, 946,851, 946,878, 1785,879
Line 1217,688, 1302,688, 1302,573
Line 989,851, 989,878
Line 1342,710, 1490,710, 1512,680, 1342,680, 1342,738, 1512,738, 1490,710
Line 1512,738, 1512,680
Line 1168,522, 1201,522, 1201,554
Line 1152,615, 1152,689, 1039,689, 1039,615, 1152,615
Line 609,704, 506,704, 506,670, 609,670, 609,722, 506,722, 506,670
Line 644,696, 723,696, 723,670, 644,670, 644,722, 723,722, 723,696
Line 836,698, 816,665, 943,665, 943,728, 923,698, 943,665
Line 923,698, 836,698, 816,728, 816,665
Line 816,728, 943,728
Line 453,1284, 498,1278, 516,1236
Line 497,1340, 515,1301, 559,1292
Line 498,1278, 515,1301
Line 828,1171, 842,1194, 828,1217
Line 877,1171, 864,1194, 877,1217
Line 842,1194, 864,1194

BrushColor FFFFFF
Polygon 784,1196, 796,1196, 796,861, 784,861
Polygon 784,955, 784,964, 732,964, 732,955
Polygon 796,955, 849,955, 849,964, 796,964
Polygon 796,1031, 849,1031, 849,1040, 796,1040
Polygon 784,1031, 784,1040, 732,1040, 732,1031
Stairs 784,861, 784,871, 760,861
Stairs 760,857, 760,847, 832,857
Line 835,857, 760,857, 760,861, 784,861, 784,871, 748,871, 748,847, 835,847
Stairs 784,1196, 796,1196, 784,1168
Stairs 784,1196, 784,1207, 771,1196
Stairs 771,1196, 760,1196, 771,1166
Stairs 752,1166, 741,1166, 752,1197
Stairs 804,1196, 816,1196, 804,1165
Stairs 816,1153, 816,1164, 850,1153
Stairs 796,955, 796,964, 847,955
Stairs 784,955, 784,964, 735,955
Stairs 796,1031, 796,1040, 846,1031
Stairs 784,1031, 784,1040, 735,1031
Line 852,1153, 804,1153, 804,1196, 771,1196, 771,1154, 741,1154, 741,1200
Line 852,1164, 816,1164, 816,1207, 760,1207, 760,1166, 752,1166, 752,1201













