size 1208x1062
Angle 20

BrushColor -1
PenColor 040464
SpotRect 721,80, 190, 15, LoadVec Aviamotornaya.vec
TextOut Arial,12,721,80, Схема станции метро "Авиамоторная", 5
PenColor 0

Railway 6,9,4, 747,631, 672,464, 614,303, 1
Railway 6,9,4, 759,640, 879,873, 1014,1075, 1
Railway 6,9,4, 698,652, 636,494, 579,303, 1
Railway 6,9,4, 708,648, 646,491, 592,303, 1
Railway 6,9,4, 719,656, 831,871, 993,1105, 1
Railway 6,9,4, 709,659, 822,876, 987,1115, 1

Line 228,408, 228,832, 451,832, 
Line 507,770, 507,408, 228,408, 
Dashed 199,425, 228,425, 
Dashed 228,408, 199,408, 
Spline 199,391, 198,355, 191,333, 174,315, 164,309, 151,305, 135,302, 120,301, 97,301, 
Spline 114,206, 133,206, 151,205, 164,203, 181,197, 193,187, 198,173, 199,152, 199,133, 
Line 496,379, 228,379, 
Line 234,448, 234,424, 228,425, 
Line 6,832, 199,832, 199,391, 
Line 199,408, 194,408, 194,391, 172,369, 164,369, 164,309, 
Line 199,425, 194,425, 194,450, 
Line 164,203, 164,133, 199,133, 199,-30, 
Dashed 164,309, 164,203, 
Line 134,364, 151,364, 151,305, 
Line 151,205, 151,196, 134,196, 
Dashed 151,205, 151,305, 
Line 228,133, 256,133, 256,146, 
Line 256,166, 256,194, 296,194, 
Dashed 256,146, 256,166, 
Line 435,133, 274,133, 274,146, 
Line 274,166, 274,179, 297,179, 
Dashed 274,146, 274,166, 

Line 80,860, 199,860, 199,927, 
Line 228,937, 228,860, 450,860, 
Spline 451,832, 478,827, 495,813, 504,793, 507,770, 
Spline 450,860, 488,853, 515,829, 527,794, 529,771, 
Dashed 199,133, 228,133, 
Line 529,771, 529,379, 
Spline 529,379, 541,344, 545,301, 
Spline 520,301, 515,349, 496,379, 
Spline 228,379, 229,355, 237,333, 255,315, 279,304, 305,301, 
Line 305,301, 480,301, 
Line 482,310, 491,301, 639,301, 649,311, 
Line 178,449, 178,394, 168,384, 151,384, 151,379, 134,379, 
Line 134,178, 150,178, 150,133, 133,133, 
Line 133,117, 171,117, 171,87, 
Line 188,87, 188,117, 199,117, 
Line 228,117, 278,117, 278,24, 289,24, 289,-29, 
Dashed 199,117, 228,117, 
Line 305,-29, 305,24, 482,24, 
Line 705,48, 705,111, 
Line 652,301, 1075,301, 1149,742, 
Line 1200,301, 1102,301, 1164,697, 
Line 642,206, 1200,206, 
Line 483,197, 492,206, 631,206, 640,197, 
Line 480,206, 244,206, 
Line 480,166, 228,166, 
Spline 480,166, 501,170, 516,184, 520,206, 
Spline 244,206, 235,203, 230,194, 228,166, 
Line 480,146, 228,146, 228,-30, 
Spline 544,206, 542,184, 533,168, 517,155, 499,148, 480,146, 

Line 249,448, 249,422, 275,422, 1
Line 403,408, 507,425, 1
Line 275,422, 403,422, 507,438, 1

Line 536,361, 546,371, 546,435, 612,532, 615,541, 618,543, 1
Line 531,374, 533,376, 533,425, 529,425, 1
Line 515,349, 512,346, 512,301, 1
Line 510,362, 500,352, 500,301, 1
Line 480,194, 296,194, 1
Line 480,179, 297,179, 1
Spline 500,206, 498,199, 491,195, 480,194, 1
Spline 512,206, 509,193, 498,182, 480,179, 1

Line 622,556, 621,563, 676,723, 709,785, 714,790, 723,790, 1
Line 529,438, 599,538, 667,735, 697,793, 1
Spline 697,793, 709,809, 724,817, 736,814, 1

Stairs 178,443, 194,443, 178,427, 
Stairs 234,444, 249,444, 234,428, 
Stairs 254,408, 254,422, 275,408, 
Stairs 139,379, 139,364, 147,379, 
Stairs 139,196, 139,178, 147,196, 
Stairs 138,133, 138,117, 146,133, 
Stairs 171,92, 188,92, 171,112, 
Stairs 289,-24, 305,-24, 289,-6, 
Stairs 278,194, 278,179, 291,194, 

Stairs 669,629, 678,626, 682,659, 
Stairs 711,613, 720,609, 723,641, 
Stairs 750,597, 757,594, 762,625, 
Stairs 729,651, 737,647, 741,680, 
Stairs 687,669, 695,665, 699,698, 

PenColor C0C0C0
BrushColor C0C0C0
Polygon 609,476, 624,471, 646,535, 665,587, 695,653, 690,656, 678,626, 669,629, 699,698, 707,695, 695,665, 700,663, 732,733, 772,809, 814,882, 864,962, 912,1032, 957,1092, 944,1102, 898,1039, 848,970, 799,894, 783,864, 787,861, 723,735, 716,739, 685,676, 657,611, 636,558, 642,555, 633,531, 628,533, 
Polygon 723,641, 717,643, 693,588, 669,527, 691,520, 719,584, 743,633, 732,637, 720,609, 711,613, 
Polygon 722,654, 729,651, 741,680, 749,677, 737,647, 748,644, 778,707, 763,715, 828,842, 844,834, 888,910, 937,985, 993,1065, 977,1078, 919,997, 867,921, 818,841, 762,739, 

PenColor 0
BrushColor 808080
Polygon 263,510, 295,510, 295,459, 385,459, 385,487, 457,487, 457,736, 435,736, 435,768, 501,768, 501,439, 400,439, 400,429, 263,429, 
Polygon 708,743, 723,735, 743,775, 728,783, 
Polygon 721,787, 743,775, 762,812, 740,823, 
Polygon 762,812, 787,861, 773,868, 748,819, 
Polygon 763,715, 778,707, 844,834, 828,842, 
Polygon 730,563, 746,557, 761,593, 745,599, 
Polygon 624,562, 616,537, 633,531, 642,555, 

Polygon 339,46, 353,46, 353,111, 339,111, 
Polygon 435,133, 435,106, 482,106, 482,133, 
Polygon 435,24, 435,53, 482,53, 482,24, 
Polygon 705,57, 647,57, 647,100, 705,100, 
Polygon 424,179, 424,168, 465,168, 465,179, 

BrushColor FCDC04
Polygon 482,24, 482,48, 705,48, 705,24, 
Polygon 482,133, 482,111, 705,111, 705,133, 

Line 750,597, 762,625, 732,637, 720,609, 1
Line 757,594, 773,632, 737,647, 749,677, 1
Line 741,680, 729,651, 695,665, 707,695, 1
Line 699,698, 669,629, 1
Line 678,626, 690,656, 723,641, 711,613, 1

Spline 695,653, 665,587, 646,535, 624,471, 
Line 624,471, 609,476, 628,533, 633,531, 642,555, 636,558, 
Spline 636,558, 657,611, 685,676, 716,739, 
Spline 783,865, 799,894, 848,970, 898,1039, 944,1102, 
Line 944,1102, 957,1092, 
Spline 957,1092, 912,1032, 864,962, 814,882, 772,809, 732,733, 700,663, 

Spline 717,643, 693,588, 669,527, 
Line 669,527, 691,520, 
Spline 691,520, 719,584, 743,633, 
Line 748,644, 778,707, 
Spline 844,834, 888,910, 937,985, 993,1065, 
Line 993,1065, 977,1078, 
Spline 977,1078, 919,997, 867,921, 818,841, 762,739, 722,654, 

PenColor FF0000
Arrow 487,90, 448,90, 
Arrow 356,120, 336,120, 
Arrow 624,548, 613,551, 
Arrow 760,579, 775,573, 
PenColor 009900
Arrow 336,36, 356,36, 
Arrow 450,68, 487,68, 
Arrow 769,560, 754,566, 
Arrow 711,804, 725,797, 

BrushColor -1
PenColor FFFFFF
AngleTextOut 0, Arial, 13,426,166, Туалет
AngleTextOut -67, Arial, 15,748,557, Кассы
AngleTextOut -63, Arial, 15,742,777, Кассы
PenColor 0
AngleTextOut -63,Arial, 25,832,639, Новая
AngleTextOut -53,Arial, 15,869,1004, << Сортировочная
AngleTextOut -53,Arial, 15,937,994, Фрезер >>

PenColor 00AFAF
AngleTextOut 0,Arial, 15,294,836, 2-я Кабельная ул.
AngleTextOut 0,Arial, 15,315,243, шоссе Энтузиастов
AngleTextOut -81,Arial, 15,1128,488, 1-я ул.Энтузиастов
AngleTextOut -90,Arial, 15,226,619, ул.Авиамоторная

PenColor 0
AngleTextOut 0,Arial,20,507,71, Авиамоторная, 1
PenColor FCDC04
AngleTextOut 0,Arial,20,506,70, Авиамоторная, 1

BrushColor FFFF
