Size 610x880
Angle 40

BrushColor -1
PenColor 4C4C4C
AngleTextOut -90, Arial, 15, 421, 489, Цветной бульвар >>
AngleTextOut -90, Arial, 15, 478, 266, << Савеловская
AngleTextOut -90, Arial, 25, 448, 326, Менделеевская, 1
PenColor 543C04
AngleTextOut 0, Arial, 15, 193, 611, << Белорусская
AngleTextOut 0, Arial, 15, 317, 717, Проспект Мира >>
AngleTextOut 0, Arial, 25, 226, 661, Новослободская, 1
PenColor 00AFAF
AngleTextOut 0, Arial, 15, 136, 785, Селезневская улица
AngleTextOut -130, Arial, 15, 253, 207, Новослободская улица
PenColor 000000

BrushColor 9CA4A4
Polygon 450,262, 460,262, 460,532, 450,532
Polygon 389,262, 399,262, 399,381, 389,381
Polygon 389,398, 389,393, 399,393, 399,398
Polygon 389,410, 399,410, 399,449, 389,449
Polygon 389,461, 389,466, 400,466, 400,461
Polygon 400,478, 390,478, 390,532, 400,532
Line 436,193, 436,206, 466,206, 466,126, 512,126, 540,79, 514,65, 492,101, 466,101, 368,101, 368,108, 350,108, 291,49, 318,22
Line 303,6, 227,82
Line 243,98, 275,66, 335,126, 368,126, 368,206, 412,206, 412,193
Spline 436,211, 424,215, 412,210
Line 399,262, 409,262, 409,301, 413,301, 413,260, 421,254, 428,254, 436,259, 436,301, 440,301, 440,262, 450,262
Line 417,381, 381,381, 381,378, 356,378, 356,487, 348,487, 348,516, 354,516, 354,536, 348,536, 348,660
Line 357,660, 357,593, 365,593, 365,660, 357,660
Line 373,660, 373,593, 381,593, 381,660, 373,660
Line 390,660, 390,534, 386,534, 386,481, 381,481, 381,478, 417,478
Line 417,466, 381,466, 381,461, 417,461
Line 417,449, 381,449, 381,410, 417,410
Line 417,398, 382,398, 382,393, 417,393
Line 446,58, 500,87, 514,65, 460,35
Dashed 386,510, 348,510
Dashed 391,544, 348,544
Dashed 413,260, 412,206
Dashed 436,259, 436,206
Dashed 412,193, 436,193
Dashed 436,270, 413,270
Line 400,532, 450,532
Line 434,142, 413,142
Stairs 247,95, 231,79, 265,76
Stairs 313,27, 298,12, 298,42
Stairs 368,126, 466,126, 368,134
Stairs 393,393, 393,381, 413,393
Stairs 393,410, 393,398, 413,410
Stairs 393,461, 393,449, 413,461
Stairs 393,478, 393,466, 413,478
Stairs 500,87, 514,65, 452,61
Stairs 492,101, 492,126, 482,101

BrushColor 9B5509
Polygon 431,705, 431,716, 189,716, 189,705
Polygon 348,640, 348,629, 189,629, 189,640
Polygon 357,640, 365,640, 365,629, 357,629
Polygon 373,640, 381,640, 381,629, 373,629
Polygon 390,629, 390,640, 431,640, 431,629
Line 189,640, 189,655, 221,655, 221,663, 187,663, 183,670, 183,676, 188,683, 222,683, 222,691, 189,691, 189,705
Line 82,629, 74,615
Line 25,705, 10,713
Line 75,722, 81,707
Line 95,747, 96,728
Line 97,610, 97,588
Line 18,653, -9,653, -9,666, -24,666
Line -8,722, -24,722
Spline 81,707, 89,710, 104,709, 117,702, 128,692, 139,679, 142,671, 141,660, 130,648, 121,639, 104,631, 82,630
Spline 97,588, 73,591, 52,600, 38,612, 27,628, 17,653
Spline 25,705, 37,721, 52,735, 72,743, 95,747
Spline 97,610, 85,611, 74,615
Spline 96,728, 85,726, 75,722
Dashed 187,663, 129,662, 129,683, 188,683
Stairs 348,656, 357,656, 348,629
Stairs 365,656, 373,656, 365,629
Stairs 381,656, 390,656, 381,629

BrushColor 808080
Polygon 71,639, 59,624, 47,639, 41,655, 39,671, 42,687, 50,703, 59,713, 70,700, 63,692, 58,682, 55,671, 57,660, 62,649
Polygon -23,678, -10,678, -10,688, -23,688
Polygon -23,699, -10,699, -10,709, -23,709
Polygon 408,137, 408,149, 413,149, 413,137
Polygon 435,137, 440,137, 440,149, 435,149
Line 431,640, 431,653, 408,653, 408,659, 416,659, 416,685, 408,685, 408,691, 431,691, 431,705

PenColor FF0000
Arrow 81,695, 63,723
Arrow -3,715, -23,715
Arrow 0,717, 0,736
PenColor 009900
Arrow 63,614, 80,640
Arrow -24,694, 5,694
Arrow -24,673, 4,673

