size 1130x617
Angle 160

BrushColor -1
PenColor F7782E
AngleTextOut 180,Arial,20,717,361, << Ясенево
AngleTextOut 180,Arial,20,463,173, тупик >>
AngleTextOut 180,Arial,25,659,267, Новоясеневская, 1
PenColor 00AFAF
AngleTextOut 180,Arial,15,1118,266, Новоясеневский проспект
AngleTextOut -70,Arial,15,77,503, Битцевский лесопарк
PenColor 0

BrushColor FC9C54
Polygon 388,175, 723,175, 723,209, 388,209, 
Polygon 388,300, 723,300, 723,334, 388,334, 

BrushColor 808080
Polygon 723,175, 777,175, 777,217, 723,217, 
Polygon 723,334, 723,292, 777,292, 777,334, 
Polygon 388,175, 334,175, 334,217, 388,217, 
Polygon 388,334, 388,292, 334,292, 334,334, 
Polygon 853,206, 874,206, 874,303, 853,303, 
Polygon 237,206, 258,206, 258,303, 237,303, 
Line 777,175, 879,175, 879,144, 793,144, 
Line 793,111, 910,111, 910,175, 932,175, 932,334, 920,334, 920,445, 967,445, 
Line 967,471, 811,471, 
Line 811,437, 891,437, 891,334, 777,334, 
Line 334,175, 191,175, 191,356, 121,426, 
Line 162,467, 204,425, 
Line 142,447, 222,367, 222,334, 334,334, 
Spline 162,467, 122,467, 121,426, 
Stairs 793,111, 793,144, 874,111, 
Stairs 891,358, 920,358, 891,394, 
Stairs 813,437, 813,471, 884,437, 
Stairs 928,445, 928,471, 963,445, 
Stairs 777,217, 777,292, 723,217, 
Stairs 334,217, 334,292, 388,217, 
Stairs 162,467, 121,426, 204,425, 

PenColor FF0000
Arrow 849,315, 881,315, 
PenColor 009900
Arrow 877,187, 846,187, 

PenColor FF4040
BrushColor -1
Dashed 
Dashed 390,168, 389,478, 111,478, 111,168, 390,168, 
AngleTextOut 180,Arial,15,308,477, выход закрыт,1

