size 1000x645
Angle -15

BrushColor -1
PenColor 0
AngleTextOut 0,Arial,20,366,173, << Перово
AngleTextOut 0,Arial,25,444,264, Новогиреево, 1
AngleTextOut 0,Arial,20,573,352, тупик >>
PenColor FCDC04
AngleTextOut 0,Arial,20,365,172, << Перово
AngleTextOut 0,Arial,25,442,262, Новогиреево, 1
AngleTextOut 0,Arial,20,572,351, тупик >>
PenColor 00AFAF
AngleTextOut 0,Arial,15,-21,261, Зеленый проспект
AngleTextOut 90,Arial,15,684,82, Свободный проспект
AngleTextOut 90,Arial,15,128,567, 5-й проспект
AngleTextOut 0,Arial,15,869,266, Зеленый проспект
AngleTextOut 90,Arial,15,929,523, 3-й проспект
PenColor 0

BrushColor FCDC04
Polygon 638,231, 371,231, 371,197, 638,197, 
Polygon 371,355, 371,321, 638,321, 638,355, 

BrushColor 808080;
Polygon 638,355, 638,313, 698,313, 698,355, 
Polygon 371,355, 371,314, 263,314, 263,355, 
Polygon 371,197, 371,238, 264,238, 264,197, 
Polygon 638,197, 638,238, 699,238, 699,197, 
Polygon 784,228, 805,228, 806,325, 785,325, 
Polygon 154,227, 175,227, 175,325, 155,325, 
Polygon 273,276, 273,282, 371,282, 371,276, 
Line 67,128, 204,128, 
Line 67,150, 128,150, 128,404, 67,404, 
Line 67,426, 205,426, 
Line 205,404, 151,404, 151,355, 263,355, 
Line 698,355, 810,355, 810,404, 757,404, 
Line 757,426, 893,426, 
Line 893,404, 832,404, 832,149, 894,149, 
Line 894,126, 755,126, 
Line 755,149, 809,149, 809,197, 699,197, 
Line 264,196, 151,196, 151,150, 203,150, 
Dashed 273,282, 273,314, 
Dashed 346,282, 346,314, 
Stairs 115,150, 115,128, 72,150, 
Stairs 156,150, 156,128, 198,150, 
Stairs 117,404, 117,426, 72,404, 
Stairs 155,426, 155,404, 200,426, 
Stairs 804,404, 804,426, 762,404, 
Stairs 845,405, 845,426, 888,404, 
Stairs 844,149, 844,126, 889,149, 
Stairs 803,126, 803,149, 760,126, 
Stairs 288,276, 288,238, 353,276, 
Stairs 645,238, 645,313, 694,238, 

PenColor FF0000
Arrow 179,339, 151,339, 
Arrow 781,339, 809,339, 
PenColor 009900
Arrow 153,211, 180,211, 
Arrow 808,210, 780,210, 

