size 785x423
Angle 20

Railway 10, 14, 6, 191,204, 247,212, 322,213, 427,213, 524,213, 604,213, 674,211, 739,196, 792,189, 1
Railway 10, 14, 6, 22,194, 96,194, 1
Railway 10, 14, 6, 191,222, 246,229, 322,230, 427,230, 525,230, 605,230, 676,228, 741,213, 791,206, 1
Railway 10, 14, 6, 22,214, 96,214, 1

PenColor b0b0b0
Railway 10, 14, 6, 189,151, 249,145, 325,144, 426,144, 531,144, 609,144, 677,150, 744,166, 792,172, 1
Railway 10, 14, 6, 22,163, 96,163, 1
Railway 10, 14, 6, 189,133, 246,128, 326,127, 427,127, 530,127, 610,127, 676,133, 745,148, 795,154, 1
Railway 10, 14, 6, 22,140, 96,140, 1

PenColor 0
BrushColor b0b0b0
Polygon 580,163, 655,163, 655,204, 255,204, 255,163, 535,163, 535,178, 580,178, 
Polygon 609,275, 609,261, 655,261, 655,247, 256,247, 256,275, 

Line 535,163, 580,163, 
Line 609,275, 655,275, 655,261, 
Line 406,275, 406,297, 
Line 431,275, 431,297, 
Line 460,308, 460,290, 487,290, 487,308, 3
Line 458,98, 458,120, 486,120, 486,98, 3
Line 102,309, 102,-17, 
Line 183,309, 183,-18, 
Line 200,114, 189,125, 189,241, 200,252, 5
Line 85,119, 96,130, 96,234, 85,245, 5
Line 437,178, 459,178, 
Line 437,196, 459,196, 
Line 486,178, 507,178, 
Line 486,197, 507,197, 

Stairs 460,290, 487,290, 460,308, 
Stairs 406,275, 431,275, 406,297, 
Stairs 458,120, 486,120, 458,98, 
Stairs 459,196, 459,178, 437,196, 
Stairs 486,197, 486,178, 507,197, 

Dashed 458,120, 460,290, 
Dashed 486,120, 487,290, 

BrushColor -1

AngleTextOut 0,Arial,20,544,272, от Москвы >>
AngleTextOut 0,Arial,20,269,183, << к Москве
AngleTextOut 0,Arial,25,286,159, Новогиреево, 1

AngleTextOut 0,Arial,15,612,259, Кассы
AngleTextOut 0,Arial,15,538,162, Кассы

PenColor 00AFAF
AngleTextOut -90,Arial,15,154,95, Свободный проспект
AngleTextOut 0,Arial,15,413,47, Фрязевская улица
AngleTextOut 0,Arial,15,409,352, Кетчерская улица

