size 898x1050
Angle 62

BrushColor -1
PenColor F7782E
AngleTextOut 0,Arial,20,501,652, Профсоюзная >>
AngleTextOut 0,Arial,20,281,461, << Калужская
AngleTextOut 0,Arial,25,364,555, Новые Черемушки, 1
PenColor 00AFAF
AngleTextOut 0,Arial,15,-98,565, Профсоюзная улица
AngleTextOut 0,Arial,15,906,562, Профсоюзная улица
AngleTextOut -90,Arial,15,444,284, улица Гарибальди
AngleTextOut -90,Arial,15,447,719, улица Гарибальди
TextOut Arial,15,36,250, ТК "Черемушки"
PenColor 0

BrushColor FC9C54
Polygon 274,490, 634,490, 634,524, 274,524, 
Polygon 274,615, 634,615, 634,649, 274,649, 

BrushColor 808080
Polygon 634,490, 703,490, 703,532, 619,532, 619,528, 634,528, 
Polygon 634,649, 634,611, 619,611, 619,607, 703,607, 703,649, 
Polygon 274,649, 274,611, 289,611, 289,607, 205,607, 205,649, 
Polygon 274,490, 274,528, 289,528, 289,532, 205,532, 205,490, 
Polygon 100,567, 140,567, 140,573, 100,573, 
Polygon 767,567, 808,567, 808,572, 767,572, 
Polygon 99,490, 142,490, 142,532, 99,532, 
Line 703,532, 809,532, 809,408, 730,408, 
Line 730,375, 899,375, 
Line 899,408, 839,408, 839,729, 899,729, 
Line 899,763, 730,763, 
Line 730,729, 810,729, 810,607, 703,607, 
Line 205,501, 142,501, 
Line 99,490, 99,409, 179,409, 
Line 179,375, 3,375, 
Line 3,409, 70,409, 70,729, 3,729, 
Line 3,763, 179,763, 
Line 179,729, 99,729, 99,606, 143,606, 143,638, 205,638, 
Stairs 732,729, 732,763, 800,729, 
Stairs 899,729, 899,763, 844,729, 
Stairs 899,408, 899,375, 844,408, 
Stairs 802,375, 802,408, 733,375, 
Stairs 693,532, 693,607, 667,532, 
Stairs 652,532, 652,607, 623,532, 
Stairs 286,532, 286,607, 257,532, 
Stairs 241,532, 241,607, 217,532, 
Stairs 177,729, 177,763, 107,729, 
Stairs 65,729, 65,763, 5,729, 
Stairs 177,375, 177,409, 107,375, 
Stairs 65,375, 65,409, 5,375, 

PenColor FF0000
Arrow 761,592, 814,592, 
Arrow 145,547, 95,547, 
PenColor 009900
Arrow 814,547, 762,547, 
Arrow 97,592, 146,592, 

