Size 530x920
Angle -30

BrushColor -1
PenColor F7782E
AngleTextOut 90, Arial, 15, 277, 313, Третьяковская >>
AngleTextOut 90, Arial, 15, 161, 393, << Шаболовская
AngleTextOut 90, Arial, 25, 213, 343, Октябрьская, 1
PenColor 543C04
AngleTextOut 0, Arial, 15, 84, 586, << Парк Культуры
AngleTextOut 0, Arial, 15, 278, 720, Добрынинская >>
AngleTextOut 0, Arial, 25, 180, 656, Октябрьская, 1
PenColor 00AFAF
AngleTextOut 30, Arial, 15, 326, 482, Калужская площадь
AngleTextOut 1200, Arial, 15, 118, 228, улица Большая Якиманка
AngleTextOut 90, Arial, 15, 637, 752, Ленинский проспект
AngleTextOut 90, Arial, 15, 415, 758, МИСиС
PenColor 000000

BrushColor FC9C54
Polygon 264,392, 277,392, 277,165, 264,165
Polygon 181,392, 194,392, 194,165, 181,165
Line 264,392, 250,392, 250,310, 244,310, 244,392, 235,398, 223,398, 214,392, 214,310, 208,310, 208,392, 194,392
Line 264,165, 250,165, 250,215, 243,215, 243,160, 235,154, 222,154, 214,160, 214,215, 207,215, 207,165, 194,165
Line 125,120, 120,115, 157,78, 157,69, 170,69
Line 96,95, 100,99, 116,83, 100,67, 116,51, 127,62, 144,45, 165,45
Line 290,50, 314,50
Line 283,72, 309,79
Line 214,81, 214,107, 224,112
Line 244,81, 244,107, 235,112
Spline 188,3, 193,7, 201,6, 201,1, 227,-6, 252,1, 252,6, 260,7, 265,3
Spline 165,45, 176,9, 206,-15, 248,-16, 281,10, 290,50
Spline 170,69, 188,92, 214,104
Spline 244,104, 267,92, 283,72
Dashed 214,81, 244,81
Dashed 214,107, 214,170, 243,170, 244,104
Dashed 214,367, 244,367
Dashed 214,392, 214,487, 244,487, 244,392

BrushColor 9B5509
Polygon 139,703, 139,717, 388,717, 388,703
Polygon 274,609, 388,609, 388,623, 274,623
Polygon 246,609, 262,609, 262,623, 246,623
Polygon 216,609, 234,609, 234,623, 216,623
Polygon 139,609, 205,609, 205,623, 139,623
Line 139,703, 139,623
Line 388,703, 388,691, 330,691, 330,679, 372,679, 383,668, 383,658, 372,647, 330,647, 330,633, 388,633, 388,623
Line 461,779, 461,774, 488,774, 488,768, 475,768, 475,742, 464,742, 446,724, 446,679
Line 460,679, 437,679, 430,672
Line 430,654, 437,647, 466,647
Line 449,647, 475,621, 475,615, 488,615, 488,609, 458,609, 458,604
Line 458,584, 602,584
Line 602,609, 500,609, 500,615, 513,615, 513,671, 525,671, 525,647, 545,647, 545,616, 584,616, 584,646, 603,646, 603,671, 621,671
Line 621,714, 604,714, 604,737, 583,737, 583,768, 545,768, 545,737, 525,737, 525,714, 514,714, 514,768, 500,768, 500,774, 600,774
Dashed 354,647, 354,679
Dashed 372,647, 437,647
Dashed 372,679, 437,679
Dashed 460,647, 460,679
Stairs 205,645, 216,645, 205,633
Stairs 234,645, 246,645, 234,633
Stairs 262,645, 274,645, 262,633

Line 274,651, 274,586, 250,557, 250,463, 244,463, 235,458, 223,458, 214,463, 208,463, 208,550, 205,550, 205,650
Line 234,651, 234,597, 224,561, 224,539, 220,539, 220,561, 216,561, 216,650
Line 262,651, 262,593, 237,561, 237,539, 233,539, 233,561, 246,597, 246,651

BrushColor 808080
Polygon 139,634, 163,634, 163,648, 152,648, 152,677, 163,677, 163,691, 139,691

Arrow 221,363, 221,349
Arrow 236,349, 236,363
Arrow 210,622, 210,593
Arrow 268,595, 268,627
PenColor FF0000
Arrow 271,62, 297,62
Arrow 236,189, 236,173
Arrow 334,657, 351,657
Arrow 494,643, 494,618
Arrow 486,596, 464,596
Arrow 567,596, 588,596
PenColor 009900
Arrow 146,59, 173,59
Arrow 221,173, 221,189
Arrow 351,668, 334,668
Arrow 622,694, 604,694

