Size 1900x1200
Angle -29

BrushColor 84AC60
Polygon 523,259, 565,442, 562,454, 551,461, -49,461, 82,370, 254,300
Polygon 563,255, 599,430, 604,441, 613,453, 633,455, 844,437, 856,425, 851,381, 848,358, 981,342, 964,241, 968,223, 991,204, 1023,191
Polygon 1067,211, 1001,240, 999,256, 1019,394, 1032,414, 1182,390, 1475,358, 1632,359, 1928,375, 1830,252, 1546,185
Polygon -55,495, 505,495, 505,553, 620,554, 620,493, 873,470, 881,512, 855,530, 857,564, 625,576, 457,572, -65,572
Polygon 946,548, 946,538, 958,496, 1039,494, 1045,452, 1480,400, 1651,398, 1944,413, 2028,565, 1772,561, 1765,548, 1787,528, 1763,516, 1714,557, 1094,557, 1081,547, 974,546, 954,559
Polygon 573,666, 817,667, 817,782, 841,782, 848,771, 856,650, 835,642, 573,640, 309,640, 139,644, 51,634, -63,634, -10,807, 132,948, 382,963, 483,995, 712,975, 805,929, 815,884, 777,884, 761,900, 538,900, 521,883, 521,707, 540,707
Polygon 876,652, 899,640, 1227,633, 2044,613, 1958,692, 1819,759, 1510,848, 1339,885, 1249,666, 874,781, 866,775
Polygon 1227,695, 1238,702, 1314,891, 1036,933, 877,916, 846,878, 859,815, 875,804

BrushColor DDDDDD
Polygon 1198,478, 1198,510, 1249,510, 1249,478
Polygon 1342,484, 1381,484, 1381,516, 1342,516
Polygon 1711,401, 1810,406, 1809,433, 1710,428
Polygon 990,471, 990,486, 1034,486, 1034,471
Polygon 928,471, 944,471, 944,486, 928,486
Polygon 884,466, 895,466, 895,481, 884,481
Polygon 878,365, 987,352, 993,399, 884,412
Polygon 819,362, 848,358, 850,376, 822,380
Polygon 227,779, 227,712, 369,712, 369,745, 248,745, 248,779
Polygon 260,745, 260,759, 267,759, 267,745
Polygon 301,745, 301,752, 315,752, 315,745
Polygon 358,712, 358,700, 375,700, 375,715, 369,715, 369,712
Polygon 369,745, 369,752, 354,752, 354,745
Polygon 285,712, 285,700, 295,700, 295,712
Polygon 434,712, 434,703, 448,703, 448,712, 508,712, 508,746, 465,746, 465,751, 452,751, 452,746, 444,746, 444,751, 431,751, 431,746, 399,746, 399,712
Polygon 617,705, 737,705, 737,737, 617,737

BrushColor 606060
Polygon 1080,499, 1090,469, 1140,487, 1130,516
Polygon 1431,429, 1494,426, 1496,471, 1433,474

BrushColor 606060
Polygon 921,570, 1702,570, 1702,580, 921,580
Polygon 840,609, 840,619, 605,619, 605,632, 597,632, 597,619, 342,619, 342,632, 335,632, 335,618, 75,618, 75,609
Polygon 1559,456, 1682,456, 1682,485, 1559,485
Polygon 1869,429, 1888,429, 1888,462, 1869,462
Polygon 726,331, 792,314, 805,366, 739,383
Polygon 549,510, 587,510, 587,542, 549,542


Railway 5, 7, 5, -68,599, 2020,599
Railway 5, 7, 5, -68,588, 2020,588

BrushColor -1
PenColor 000000
AngleTextOut 0, Arial, 20, 678, 615, Красногорская >>
AngleTextOut 0, Arial, 20, 969, 545, << Аникеевка
AngleTextOut 0, Arial, 10, 864, 542, Кассы
Line 1879,429, 1879,462
Line 1559,470, 1682,470
Line 1432,450, 1495,448
Line 1135,501, 1085,483
Line 617,720, 737,720
Line 434,712, 448,712
Line 431,746, 465,746
Line 399,729, 508,729
Line 227,779, 238,769, 238,729, 227,712
Line 238,769, 248,779, 248,745, 238,729
Line 238,729, 369,729
Line 878,365, 903,385, 884,412
Line 903,385, 970,377, 987,352
Line 970,377, 993,399
Line 1710,414, 1810,419
Line 1342,500, 1381,500
Line 1198,494, 1249,494
Line 1929,383, 1631,367, 1476,366, 1185,398, 1028,422, 1012,397, 991,243, 995,235, 1045,213
Line 1030,197, 984,218, 975,231, 974,244, 993,399, 996,413, 996,421, 989,428, 895,439, 888,436, 884,429, 884,412, 878,365, 860,367, 867,426, 864,435, 852,443, 636,462, 613,461, 602,455, 595,445, 590,431, 554,257
Line 533,256, 575,446, 574,458, 565,465, 551,471, 319,471, -53,471
Line -54,488, 319,488, 589,488, 590,505
Line 510,489, 510,549, 615,549, 615,485, 1067,442, 1291,412, 1480,392, 1635,392, 1939,408
Line 812,672, 812,876, 763,876, 763,887, 758,892, 540,892, 528,880, 528,713, 543,713, 575,672, 812,672
Line 1322,890, 1241,688, 1233,684, 867,798, 853,807, 824,930
Line 818,929, 845,806, 834,797
Line 837,788, 847,788, 853,778, 864,635, 860,630, 844,633
Line 1331,886, 1246,673, 867,789, 859,782, 869,646, 884,629, 897,629
Line 896,622, 883,622, 877,618, 877,578
Line 863,557, 863,533, 891,533, 891,557, 863,557
Stairs 1702,572, 1702,578, 1715,572
Line 1702,572, 1715,572
Line 1702,578, 1715,578
Line 1715,572, 1718,572, 1765,527
Line 1775,527, 1726,574, 1736,576, 1805,576
Line 1715,578, 1731,581, 1804,581
Stairs 928,570, 938,570, 928,555
Line 928,570, 928,554
Line 938,570, 938,554
Stairs 840,611, 840,617, 852,611
Line 840,617, 855,617, 861,620, 858,624, 844,627
Line 840,611, 868,611, 870,609, 870,578
Stairs 75,610, 75,617, 63,610
Line 75,610, 63,610, 52,613, 18,613
Line 18,618, 49,618, 56,617, 60,626, 71,630, 111,630
Line 75,617, 63,617, 63,621, 72,625, 110,625
Stairs 335,623, 335,632, 320,623
Line 335,623, 315,623
Line 335,632, 319,632
Stairs 605,624, 605,632, 617,624
Line 605,624, 620,624
Line 605,632, 620,632

BrushColor -1
PenColor 00AFAF
AngleTextOut 102, Arial, 18, 566, 415, Московская ул.
AngleTextOut 6, Arial, 20, 684, 457, ул. Опалиха
PenColor 000000
BrushColor 0000FF
SpotCircle 5, 977, 423, ShowMessage Авт. 833

BrushColor -1
PenColor FFFFFF
AngleTextOut 23, Arial, 10, 971, 418, A, 1
PenColor 000000


BrushColor 909090


BrushColor FFFFFF











