size 739x980
Angle -55

BrushColor -1
PenColor 046434
AngleTextOut 0,Arial,20,212,428, << Царицыно
AngleTextOut 0,Arial,20,496,570, Домодедовская >>
AngleTextOut 0,Arial,25,374,494, Орехово, 1
PenColor 00AFAF
AngleTextOut 0,Arial,15,312,714, улица Баженова
AngleTextOut -30,Arial,15,-132,387, Шипиловский проезд
PenColor 0

BrushColor 046434
Polygon 206,451, 651,451, 644,474, 206,474, 
Polygon 206,540, 645,540, 653,563, 206,563, 

BrushColor 808080
Polygon 206,474, 206,486, 254,486, 254,474, 
Polygon 206,540, 206,528, 254,528, 254,540, 
Polygon 71,475, 104,475, 104,539, 71,539, 
Polygon 642,486, 580,486, 580,490, 553,490, 553,481, 607,481, 607,483, 642,483, 
Polygon 642,528, 580,528, 580,524, 553,524, 553,533, 608,533, 608,531, 642,531, 
Line 706,528, 642,528, 
Line 642,486, 706,486, 
Line 647,463, 715,463, 715,385, 
Line 744,374, 744,464, 801,464, 801,375, 
Line 824,383, 824,545, 898,545, 
Line 891,564, 826,564, 826,593, 
Line 802,588, 802,564, 793,564, 793,586, 
Line 753,586, 753,564, 744,564, 744,588, 
Line 653,563, 720,563, 720,594, 
Line 206,451, 61,451, 61,335, 
Line 21,335, 21,449, 15,449, 15,477, 25,477, 25,537, 15,537, 15,563, 24,563, 24,674, 
Line 63,674, 63,563, 206,563, 
Dashed 706,528, 706,486, 
Dashed 598,528, 598,486, 
Spline 645,540, 640,505, 644,474, 
Spline 651,451, 676,412, 715,385, 772,371, 832,386, 884,433, 904,498, 891,564, 
Spline 826,593, 834,595, 842,599, 
Spline 744,588, 774,584, 802,588, 
Spline 720,594, 714,595, 707,598, 
Stairs 254,528, 254,486, 206,528, 
Stairs 21,338, 61,338, 21,365, 
Stairs 21,377, 61,377, 21,404, 
Stairs 24,606, 63,606, 24,632, 
Stairs 24,645, 63,645, 24,671, 

PenColor FF0000
Arrow 111,551, 58,551, 
Arrow 263,517, 195,517, 
Arrow 710,514, 735,514, 
Arrow 733,556, 733,606, 
PenColor 009900
Arrow 59,463, 119,463, 
Arrow 203,493, 265,493, 
Arrow 735,498, 709,498, 
Arrow 814,603, 814,554, 

