size 709x1000
Angle 63

BrushColor -1
PenColor 4C4C4C
AngleTextOut 0,Arial,20,363,541, Бибирево >>
AngleTextOut 0,Arial,20,168,354, << Владыкино
AngleTextOut 0,Arial,25,257,446, Отрадное, 1
PenColor 00AFAF
AngleTextOut -90,Arial,15,576,199, улица Декабристов
AngleTextOut -90,Arial,15,567,597, улица Декабристов
AngleTextOut 0,Arial,15,-198,452, улица Хачатуряна
AngleTextOut 0,Arial,15,746,452, Северный бульвар
AngleTextOut 0,Arial,15,445,134, улица Санникова
PenColor 0

BrushColor 9CA4A4
Polygon 156,380, 478,380, 478,414, 156,414, 
Polygon 156,505, 478,505, 478,539, 156,539, 

BrushColor 808080
Polygon 478,380, 478,417, 558,417, 558,380, 
Polygon 478,539, 478,502, 558,502, 558,539, 
Polygon 645,411, 666,411, 666,508, 645,508, 
Line 558,380, 674,380, 674,249, 
Line 696,249, 696,311, 764,311, 
Line 763,332, 696,332, 696,572, 763,572, 
Line 763,594, 696,594, 696,648, 
Line 674,648, 674,539, 558,539, 
Line 156,380, 156,293, 220,293, 
Line 220,272, 56,272, 
Line 56,294, 108,294, 108,380, 6,380, 6,539, 108,539, 108,599, 45,599, 
Line 45,621, 206,621, 
Line 206,599, 156,599, 156,539, 
Line 156,505, 156,414, 
Line 108,491, 62,491, 62,495, 108,495, 108,423, 62,423, 62,428, 108,428, 
Line 156,491, 170,491, 170,505, 
Line 156,428, 170,428, 170,414, 
Dashed 108,428, 156,428, 
Dashed 108,491, 156,491, 
Spline 696,648, 697,664, 703,671, 709,664, 710,648, 
Spline 674,648, 680,679, 703,693, 725,679, 731,648, 
Stairs 170,272, 170,293, 214,272, 
Stairs 60,272, 60,294, 104,272, 
Stairs 76,428, 76,491, 97,428, 
Stairs 48,599, 48,621, 91,599, 
Stairs 161,599, 161,621, 202,599, 
Stairs 480,417, 480,502, 520,417, 
Stairs 537,417, 537,502, 556,417, 
Stairs 715,572, 715,594, 759,572, 
Stairs 715,311, 715,332, 759,311, 

PenColor FF0000
Arrow 642,523, 670,523, 
Line 66,475, 46,475, 46,516, 
Arrow 46,516, 96,516, 
PenColor 009900
Arrow 668,395, 640,395, 
Line 96,403, 46,403, 46,445, 
Arrow 46,445, 66,445, 

