Size 1200x806
Angle -20

BrushColor -1
AngleTextOut 0, Arial, 15, 345, 316, кассы
PenColor 34349C
AngleTextOut 0, Arial, 20, 68, 566, << Славянский бульвар
AngleTextOut 0, Arial, 20, 605, 677, Киевская >>
AngleTextOut 0, Arial, 25, 316, 523, Парк Победы, 1
PenColor 00AFAF
AngleTextOut -7, Arial, 15, 400, 367, на улицу Барклая
AngleTextOut 35, Arial, 15, 646, 450, Кутузовский проспект
AngleTextOut 35, Arial, 15, 731, 591, << к Поклонной горе
AngleTextOut 35, Arial, 15, 868, 54, Панорама Бородинская битва >>
AngleTextOut 35, Arial, 15, 972, 205, Триумфальная арка >>
PenColor 000000


BrushColor 34349C
Polygon 174,613, 174,589, 271,589, 271,613
Polygon 293,613, 293,589, 311,589, 311,613
Polygon 332,613, 332,589, 445,589, 445,613
Polygon 469,613, 469,589, 486,589, 486,613
Polygon 509,613, 509,589, 612,589, 612,613
Polygon 173,672, 173,646, 271,646, 271,672
Polygon 293,672, 293,646, 311,646, 311,672
Polygon 332,672, 332,646, 445,646, 445,672
Polygon 469,672, 468,646, 486,646, 486,672
Polygon 509,672, 509,646, 612,646, 612,673

BrushColor B0B0B0
Polygon 178,477, 178,453, 609,453, 609,480
Polygon 175,803, 175,783, 607,783, 607,805

BrushColor 808080
Polygon 533,513, 533,499, 592,499, 592,513
Polygon 533,570, 533,556, 592,556, 592,571
Polygon 199,497, 199,570, 255,570, 255,554, 241,554, 241,513, 256,513, 256,497
Polygon 196,689, 196,704, 254,704, 254,689
Polygon 196,765, 196,751, 252,751, 252,765
Polygon 557,706, 540,706, 540,690, 592,690, 592,768, 541,768, 541,751, 557,751
Polygon 405,270, 405,244, 420,244, 420,271

Line 271,681, 271,576
Line 293,681, 293,576
Line 311,681, 311,576
Line 332,681, 332,576
Line 445,681, 445,576
Line 468,681, 468,576
Line 486,681, 486,576
Line 509,681, 509,576
Line 592,589, 592,480
Line 199,589, 199,478
Line 592,783, 592,673
Line 494,333, 544,340, 732,208, 721,193, 644,247, 478,296, 419,296, 419,292, 405,292, 405,317, 312,317, 312,343, 255,343, 255,424, -12,424, -12,215, 187,215, 187,236, 239,236, 239,214, 482,214, 610,176, 747,80, 799,155, 883,96
Line 914,140, 857,180, 898,239, 949,203
Line 976,242, 925,277, 972,345, 1025,308
Line 1056,352, 805,527
Line 778,489, 831,452, 710,278, 554,387, 488,377
Line 187,262, 239,262
Line 187,284, 239,284
Line 187,305, 239,305
Line 223,305, 223,390, 187,390, 161,364
Line 136,389, 171,424
Line 66,362, 106,362
Line 66,377, 112,377
Line 66,391, 107,391
Line 209,715, 189,715
Line 209,726, 187,726
Line 209,738, 189,738
Line 198,672, 198,689
Line 198,765, 198,783
Line 396,317, 378,335, 347,335, 329,317

Dashed 187,236, 187,305
Dashed 239,236, 239,305
Dashed 66,406, 66,349
Dashed 209,751, 209,704
Dashed 196,704, 152,704
Dashed 196,752, 152,752
Dashed 140,726, 140,404
Dashed 67,342, 126,343
Dashed 65,413, 126,413
Arrow 140,404, 116,404
Spline 196,752, 188,735, 188,718, 196,704
Spline 64,348, 93,352, 110,367, 110,386, 93,402, 66,406, 60,408, 60,413, 65,413, 96,409, 118,389, 118,365, 96,346, 67,342, 64,348

Stairs 271,576, 293,576, 271,618
Stairs 311,576, 332,576, 311,618
Stairs 271,681, 293,681, 271,641
Stairs 311,681, 332,681, 311,641
Stairs 445,576, 468,576, 445,617
Stairs 445,681, 468,681, 445,641
Stairs 486,576, 509,576, 486,619
Stairs 486,681, 509,681, 486,641
Stairs 805,527, 778,489, 858,490
Stairs 1056,351, 1025,308, 1006,386
Stairs 976,242, 949,203, 925,277
Stairs 883,95, 914,139, 826,136
Stairs 822,437, 966,337, 813,425
Stairs 717,287, 861,186, 725,299
Stairs 488,377, 494,333, 538,384
Stairs 659,236, 615,173, 674,225
Stairs 161,364, 136,389, 187,390
Stairs 187,390, 187,424, 223,390
Stairs 223,390, 255,390, 223,360

PenColor FF0000
Arrow 59,395, 40,395
Arrow 149,275, 174,275
Arrow 396,232, 430,232
Arrow 775,144, 796,174
Arrow 237,737, 215,737
PenColor 009900
Arrow 40,359, 60,359
Arrow 147,369, 133,355
Arrow 239,334, 239,351
Arrow 430,281, 395,281
Arrow 754,202, 733,172
Arrow 216,716, 239,716

