size 806x507
Angle -30

BrushColor -1
PenColor E41c0c
AngleTextOut 90,Arial,20,513,390, << Фрунзенская
AngleTextOut 90,Arial,20,625,177, Кропоткинская >>
AngleTextOut 90,Arial,25,503,199, Парк Культуры, 1
PenColor 543C04
AngleTextOut 0,Arial,20,6,213, << Киевская
AngleTextOut 0,Arial,20,139,331, Октябрьская >>
AngleTextOut 0,Arial,25,41,271, Парк Культуры, 1
PenColor 00AFAF
AngleTextOut 90,Arial,15,467,486, Комсомольский проспект
AngleTextOut 90,Arial,15,464,104, улица Остоженка
AngleTextOut 0,Arial,15,182,162, Зубовский бульвар (Садовое кольцо)
AngleTextOut 90,Arial,15,424,442, Крымская площадь
AngleTextOut 0,Arial,15,692,223, ЦПКиО >>
PenColor 0

BrushColor 9B5509
Polygon 257,249, 257,236, 5,236, 5,249, 
Polygon 257,315, 257,329, 5,329, 5,315, 
Line 5,314, 5,249, 

BrushColor FC310B
Polygon 559,320, 540,320, 540,237, 559,237, 
Polygon 611,320, 592,320, 592,237, 611,237, 
Polygon 559,218, 540,218, 540,129, 559,129, 
Polygon 611,218, 592,218, 592,129, 611,129, 
Polygon 559,107, 540,107, 540,35, 559,35, 
Polygon 611,107, 592,107, 592,35, 611,35, 
Line 592,237, 582,237, 582,264, 566,264, 566,237, 540,237, 540,234, 531,234, 494,271, 474,271, 474,295, 503,295, 532,324, 540,324, 540,320, 611,320, 611,373, 540,373, 540,336, 530,336, 499,305, 445,305, 
Line 592,218, 582,218, 582,193, 566,193, 566,218, 540,218, 540,223, 529,223, 493,259, 445,259, 
Line 445,271, 457,271, 457,294, 445,294, 
Line 563,357, 563,336, 588,336, 588,357, 
Stairs 611,356, 540,356, 611,340, 
Line 559,129, 567,129, 567,153, 583,153, 583,129, 611,129, 611,123, 629,123, 629,27, 665,27, 
Spline 665,27, 671,33, 684,37, 696,32, 703,22, 704,10, 699,-1, 691,-7, 682,-9, 673,-7, 665,1, 
Line 665,1, 617,1, 617,15, 611,15, 611,-20, 540,-20, 540,35, 592,35, 
Line 559,107, 567,107, 567,83, 584,83, 584,107, 611,107, 611,113, 617,113, 617,30, 611,30, 611,35, 
Spline 692,22, 686,27, 678,26, 672,19, 672,6, 679,0, 687,1, 692,6, 
Line 640,22, 655,22, 655,5, 640,5, 640,22, 
Line 540,129, 540,107, 
Line 611,237, 611,218, 
Stairs 582,259, 566,259, 582,245, 
Stairs 582,198, 566,198, 582,212, 
Stairs 583,149, 567,149, 583,134, 
Stairs 567,99, 584,99, 567,85, 
Line 588,-4, 588,13, 563,13, 563,-4, 
Line 374,320, 386,320, 
Stairs 611,11, 540,11, 611,-2, 
Stairs 644,22, 644,5, 655,22, 
Stairs 374,307, 374,320, 386,307, 

Line 386,307, 374,307, 374,299, 401,299, 401,296, 406,296, 406,319, 399,319, 399,323, 364,323, 364,326, 340,326, 340,330, 312,330, 312,322, 340,322, 
Line 397,258, 371,258, 371,266, 406,266, 406,249, 399,247, 399,235, 365,235, 365,241, 373,241, 373,247, 399,247, 
Line 306,273, 306,265, 312,265, 312,235, 340,235, 340,243, 329,243, 329,263, 340,263, 340,272, 315,273, 312,274, 307,276, 303,280, 303,286, 307,290, 312,294, 312,294, 340,294, 340,306, 312,306, 312,301, 306,301, 306,294, 
Dashed 445,305, 386,320, 
Dashed 445,294, 386,307, 
Dashed 445,271, 397,258, 
Dashed 445,259, 398,247, 
Dashed 327,294, 240,294, 
Dashed 240,294, 240,273, 
Dashed 240,273, 327,273, 
Dashed 327,273, 327,294, 

PenColor DD0000
Arrow 632,17, 652,17, 
Arrow 680,17, 692,17, 
Arrow 699,21, 688,32, 
Arrow 603,118, 621,118, 
Arrow 357,240, 357,220, 
Arrow 393,252, 363,252, 
Arrow 565,228, 545,228, 

PenColor 009900
Arrow 690,-3, 699,6, 
Arrow 692,11, 680,11, 
Arrow 652,9, 632,9, 
Arrow 618,23, 600,23, 
Arrow 551,15, 551,-10, 
Arrow 599,15, 599,-10, 
Arrow 575,-13, 575,6, 
Arrow 551,333, 551,363, 
Arrow 599,333, 599,363, 
Arrow 575,365, 575,332, 
Arrow 361,313, 392,313, 
Arrow 416,282, 391,282, 
Arrow 305,314, 330,314, 
Line 416,282, 416,224, 

PenColor 0
BrushColor d1d1d1
Polygon 257,249, 257,273, 213,273, 213,262, 257,262, 
Polygon 257,315, 257,294, 213,294, 213,306, 257,306, 
Polygon 5,305, 26,305, 26,293, 14,293, 14,274, 26,274, 26,261, 5,261, 

