size 1111x638

BrushColor -1
AngleTextOut 90,Arial,15,20,228, кассы
PenColor 34349C
AngleTextOut 0,Arial,20,442,20, << Семеновская
AngleTextOut 0,Arial,20,957,408, Измайловская >>
AngleTextOut 0,Arial,25,698,164, Партизанская, 1
PenColor 00AFAF

AngleTextOut 0,Arial,15,114,408, Измайловское шоссе
AngleTextOut -90,Arial,15,106,499, Народный проспект
AngleTextOut 0,Arial,15,193,506, Измайловский парк

PenColor 0

BrushColor 34349C
Polygon 417,88, 417,42, 1091,42, 1091,88, 
Polygon 417,402, 417,356, 1091,356, 1091,402, 

BrushColor 808080
Polygon 435,243, 435,201, 1091,201, 1091,243, 
Polygon 435,97, 502,97, 502,141, 435,141, 
Polygon 435,303, 502,303, 502,347, 435,347, 
Polygon 367,339, 367,305, 408,305, 408,339, 
Polygon 367,131, 367,97, 408,97, 408,131, 
Polygon 335,273, 335,329, 99,328, 99,339, 356,339, 356,273, 
Polygon 335,252, 335,228, 356,228, 356,252, 
Polygon 335,208, 335,184, 356,184, 356,208, 
Polygon 356,163, 336,163, 336,107, 99,107, 99,97, 356,97, 
Polygon 98,300, 109,300, 109,276, 98,276, 
Polygon 132,287, 132,297, 291,297, 291,138, 98,138, 98,160, 109,160, 109,149, 283,149, 283,287, 
Polygon 283,247, 164,247, 164,189, 283,189, 283,195, 170,195, 170,241, 283,241, 
Polygon 98,252, 98,184, 109,184, 109,199, 151,199, 151,237, 110,237, 110,252, 
Line 417,356, 417,347, 435,347, 
Line 435,303, 435,243, 
Line 435,255, 502,255, 
Line 435,201, 435,141, 
Line 435,189, 502,189, 
Line 435,97, 417,97, 417,88, 
Line 1091,88, 1091,201, 
Line 1091,243, 1091,356, 
Line 99,97, 99,93, 68,93, 68,145, 42,145, 42,317, 68,317, 68,339, 99,339, 
Stairs 502,255, 502,303, 477,255, 
Stairs 502,189, 502,141, 478,189, 
Stairs 210,297, 210,328, 254,297, 
Stairs 137,328, 137,297, 181,328, 
Stairs 171,287, 171,247, 214,287, 
Stairs 283,287, 283,247, 236,287, 
Stairs 283,189, 283,149, 236,189, 
Stairs 215,189, 215,149, 171,189, 
Stairs 254,138, 254,107, 210,138, 
Stairs 181,138, 181,107, 137,138, 

PenColor FF0000
Arrow 92,311, 132,311, 
Arrow 270,179, 220,179, 
Arrow 274,274, 222,274, 
Arrow 325,261, 361,261, 
Arrow 324,221, 359,221, 
Arrow 362,322, 362,368, 
PenColor 009900
Arrow 126,124, 93,124, 
Arrow 165,158, 227,158, 
Arrow 167,256, 229,256, 
Arrow 358,214, 323,214, 
Arrow 361,174, 325,174, 
Arrow 362,71, 362,117, 
