Size 690x860
Angle 25

BrushColor -1
PenColor 047C54
AngleTextOut -90, Arial, 15, 187, 595, Автозаводская >>
AngleTextOut -90, Arial, 15, 334, 315, << Новокузнецкая
AngleTextOut -90, Arial, 25, 246, 439, Павелецкая, 1
PenColor 543C04
AngleTextOut 0, Arial, 15, 386, 97, << Добрынинская
AngleTextOut 0, Arial, 15, 606, 232, Таганская >>
AngleTextOut 0, Arial, 25, 493, 135, Павелецкая, 1
PenColor 00AFAF
AngleTextOut -115, Arial, 15, 214, -34, улица Новокузнецкая
AngleTextOut 0, Arial, 15, 465, 449, улица Зацепский вал
AngleTextOut 0, Arial, 15, 396, 797, Павелецкий вокзал
AngleTextOut 0, Arial, 15, 413, 666, Павелецкая площадь
PenColor 000000

Line 594,165, 574,165, 574,184, 594,184
Line 501,165, 521,165, 521,184, 501,184
Line 684,215, 684,206
Line 684,141, 684,132
Line 264,457, 264,477, 247,477, 247,457
Line 264,549, 264,529, 247,529, 247,549
Line 295,707, 277,707, 277,661, 272,661, 272,692
Line 214,707, 231,707, 231,661, 236,661, 236,692
Line 214,315, 228,315, 228,368, 234,368, 234,328
Line 295,315, 280,315, 280,368, 274,368, 274,328
Line 236,756, 236,773, 236,766, 201,766, 201,834, 343,834
Line 301,760, 301,767, 272,767, 272,773, 272,756
Line 316,760, 316,767, 343,767
Line 386,141, 386,132
Line 386,215, 386,206
Line 526,230, 526,263, 348,483, 315,483
Line 315,523, 374,523, 569,282, 569,230

;совмещённый вестибюль
Line 182,255, 182,190, 171,190
Line 171,163, 182,163, 182,140, 171,140
Line 171,117, 217,117, 247,130
Line 209,255, 209,223, 234,223
Line 274,223, 280,223, 297,239, 297,255
Line 322,255, 322,228, 299,204, 299,193
Line 274,223, 274,235
Line 234,223, 234,235
Line 299,193, 314,193
Line 314,154, 289,154
Line 209,203, 215,203, 215,185, 209,185, 209,203
Line 209,140, 209,163, 215,163, 215,140, 209,140
Spline 234,235, 254,243, 274,235
Spline 314,154, 323,173, 314,193
Spline 289,154, 280,140, 267,132, 247,130
Dashed 234,223, 274,223
Dashed 299,193, 299,154

Stairs 590,165, 590,184, 574,165
Stairs 521,184, 521,165, 503,184
Stairs 247,477, 264,477, 247,460
Stairs 247,529, 264,529, 247,546


Dashed 274,346, 234,346
Dashed 314,193, 314,193
Dashed 314,154, 386,154
Dashed 314,193, 386,193
Dashed 427,154, 427,193
Dashed 272,756, 272,707
Dashed 236,756, 236,707
Dashed 236,679, 272,679
Dashed 236,773, 272,773
Dashed 247,529, 247,477
Dashed 274,315, 274,235
Dashed 234,315, 234,235





Spline 408,193, 399,173, 408,154
Spline 236,756, 254,748, 272,756
Spline 236,692, 254,699, 272,692
Spline 234,328, 254,320, 274,328

BrushColor 047C54
Polygon 214,707, 192,707, 192,315, 214,315
Polygon 295,707, 295,315, 315,315, 315,707

BrushColor 9B5509
Polygon 386,117, 684,117, 684,132, 386,132
Polygon 386,215, 684,215, 684,230, 386,230


BrushColor C4C4C4
Dashed 574,184, 569,184, 569,230
Dashed 526,230, 526,184, 521,184
Dashed 574,165, 521,165
Dashed 315,523, 264,523, 264,529
Dashed 315,483, 264,483, 264,477

PenColor C4C4C4
Polygon 553,184, 542,184, 542,214, 553,214
PenColor 000000

Polygon 277,707, 272,707, 272,661, 277,661
Polygon 236,707, 231,707, 231,661, 236,661
Polygon 209,203, 209,185, 215,185, 215,203
Polygon 209,140, 209,163, 215,163, 215,140
Dashed 542,214, 542,184, 553,184, 553,214
Polygon 553,230, 553,275, 542,270, 542,230
Dashed 553,230, 553,214
Dashed 542,230, 542,214
Polygon 315,496, 356,496, 365,509, 315,509
Polygon 274,315, 280,315, 280,368, 274,368
Polygon 234,368, 228,368, 228,315, 234,315


PenColor C4C4C4
Polygon 264,496, 294,496, 294,509, 264,509
PenColor 000000
Dashed 294,509, 264,509, 264,496, 294,496
Dashed 315,496, 294,496
Dashed 315,509, 294,509
Polygon 386,141, 446,141, 446,154, 386,154
Polygon 386,193, 446,193, 446,206, 386,206
Polygon 650,141, 684,141, 684,206, 650,206, 650,193, 675,193, 675,154, 650,154


PenColor FF0000
Arrow 330,786, 355,786, 2
Arrow 309,243, 309,267, 2
Arrow 188,128, 164,128, 2
Arrow 372,165, 347,165, 2
Arrow 263,715, 263,737, 2
Arrow 261,293, 261,268, 2
Arrow 309,779, 309,753, 2
Arrow 454,407, 475,381, 2
Arrow 597,174, 621,174, 2
Arrow 256,574, 256,551, 2

PenColor 009900
Arrow 355,815, 329,815, 2
Arrow 196,267, 196,243, 2
Arrow 164,176, 188,176, 2
Arrow 347,182, 372,182, 2
Arrow 244,737, 244,715, 2
Arrow 246,268, 246,293, 2
Arrow 470,174, 494,174, 2
Arrow 256,454, 256,430, 2
Arrow 457,367, 436,393, 2

