Size 2000x1150
Angle 14

BrushColor 909090
Polygon 91,846, 1502,846, 1502,889, 91,889

BrushColor -1
PenColor 00AFAF
AngleTextOut 74, Arial, 20, 1312, 335, Железнодорожная улица
AngleTextOut 0, Arial, 20, 1459, 1075, Вокзальная улица
PenColor 000000
AngleTextOut 0, Arial, 30, 889, 545, ТК ПАССАЖ
AngleTextOut 0, Arial, 20, 1370, 971, Кассы
AngleTextOut 180, Arial, 20, 1611, 716, Кассы
AngleTextOut -90, Arial, 5, 1508, 977, Кассы
AngleTextOut -90, Arial, 5, 1503, 974, на выход
AngleTextOut 0, Arial, 20, 103, 842, << Красногорская
AngleTextOut 0, Arial, 34, 779, 845, Павшино, 1
AngleTextOut 0, Arial, 20, 1356, 867, Трикотажная >>

BrushColor 0000FF
SpotCircle 10, 1370, 366, ShowMessage Авт. 827\n852\n830
SpotCircle 10, 1388, 302, ShowMessage Авт. 806\n833\n845
SpotCircle 10, 1364, 685, ShowMessage Авт. 520\n824\n891

BrushColor -1
PenColor FFFFFF
AngleTextOut -14, Arial, 20, 1367, 354, A, 1
AngleTextOut -14, Arial, 20, 1385, 290, A, 1
AngleTextOut -14, Arial, 20, 1361, 673, A, 1

PenColor 000000
Line 91,889, 91,846, 1502,846, 1502,889, 91,889
Line 1502,850, 1529,850
Line 1502,885, 1529,885
Line 1529,997, 1529,735, 1495,735, 1495,722, 1616,722, 1616,735, 1529,735
Line 1529,970, 1363,970, 1363,1033, 1556,1033, 1556,735
Line 1583,1035, 1583,762, 1616,762, 1616,646, 1574,646
Line 1529,762, 1469,762, 1469,646, 1544,646
Line 1616,685, 1556,685, 1556,722
Line 1514,619, 1604,619
Line 1477,676, 1477,685
Line 1488,676, 1488,685
Line 1498,676, 1498,685
Line 1508,676, 1508,685

Line 1518,675, 1518,686, 1529,686, 1529,675, 1518,675
Line 1518,696, 1529,696
Line 1518,706, 1529,706
Line 1518,716, 1529,716
Line 1616,762, 1645,762, 1645,610, 1473,610, 1385,664, 1172,664, 1100,720, 778,728, 613,663, 613,493, 817,493, 817,663, 1108,655, 1264,532, 1281,380, 1367,80
Line 1426,100, 1340,405, 1594,471, 1746,471, 1790,541, 1809,623, 1776,694, 1728,743, 1645,743
Line 355,740, 365,668, 490,684, 480,756, 355,740
Line 357,725, 171,725, 171,676, 364,676
Line 835,628, 835,493, 1105,493, 1105,628, 835,628

Line 1363,997, 1430,997, 1430,970
Line 1495,970, 1495,997, 1510,997, 1510,970
Line 1466,977, 1472,977
Line 1466,984, 1472,984
Line 1466,992, 1472,992
Line 1466,999, 1472,999
Line 1466,1007, 1472,1007
Line 1466,1014, 1472,1014
Line 1466,1022, 1472,1022
Line 1466,1029, 1472,1029
Line 1375,1033, 1375,1043
Line 1396,1033, 1396,1043
Line 1419,1033, 1419,1043
Line 1440,1033, 1440,1043
Line 1351,1194, 1351,1097
Line 1388,1061, 1689,1061
Line 1385,1193, 1385,1125
Line 1399,1112, 1582,1112
Line 1594,1127, 1594,1193
Line 1620,1193, 1620,1127
Line 1634,1112, 1688,1112
Spline 1351,1097, 1355,1078, 1368,1065, 1388,1061
Spline 1385,1125, 1389,1115, 1399,1112
Spline 1582,1112, 1591,1117, 1594,1127
Spline 1620,1127, 1624,1116, 1634,1112

Stairs 1518,619, 1518,646, 1532,619
Stairs 1599,619, 1599,646, 1586,619
Stairs 1469,724, 1495,724, 1469,734
Stairs 1498,735, 1498,762, 1527,735
Stairs 1584,735, 1584,762, 1614,735
Stairs 1506,850, 1506,885, 1527,850
Stairs 1529,940, 1582,940, 1529,967
Stairs 1375,1033, 1396,1033, 1375,1043
Stairs 1419,1033, 1440,1033, 1419,1043


Railway 9, 11, 9, 91,828, 1795,828
Railway 9, 11, 9, 91,898, 1795,898
Railway 9, 11, 9, 91,918, 1795,918
Railway 9, 11, 9, 91,808, 1795,808
Railway 9, 11, 9, 91,788, 790,788, 955,794, 1030,805, 1091,808
Railway 9, 11, 9, 91,768, 395,768, 481,773, 537,782, 591,787

PenColor FF0000
Arrow 1456,1008, 1506,1008, 2
Arrow 1495,694, 1495,662, 1544,662, 2
PenColor 009900
Arrow 1485,1023, 1440,1023, 2
Arrow 1544,683, 1544,706, 1496,706, 2


