size 600x672
Angle -30

BrushColor -1
PenColor 7CBC54
AngleTextOut 0,Arial,20,1,135, << Кожуховская
AngleTextOut 0,Arial,20,131,314, Волжская >>
AngleTextOut 0,Arial,25,47,220, Печатники, 1
PenColor 00AFAF
AngleTextOut 90,Arial,15,344,632, ул. Шоссейная
AngleTextOut 0,Arial,15,97,441, ул. Гурьянова
AngleTextOut 0,Arial,15,600,427, ул. Полбина
PenColor 0

BrushColor 7CBC54
Polygon -23,158, 234,158, 234,194, -23,194, 
Polygon -23,276, 234,276, 234,312, -23,312, 

BrushColor 808080
Polygon 335,279, 349,279, 349,293, 335,293, 
Polygon 382,279, 396,279, 396,293, 382,293, 
Line -75,206, -17,206, 
Line -75,263, -17,263, 
Line -23,194, -23,206, 
Line -23,276, -23,263, 
Line 234,288, 302,288, 302,353, 
Line 234,276, 234,262, 284,262, 
Line 234,194, 234,207, 284,207, 
Line 234,187, 302,187, 302,181, 430,181, 430,351, 
Line 345,322, 345,391, 225,391, 225,351, 138,351, 
Line 138,377, 204,377, 204,416, 299,416, 299,492, 232,492, 
Line 232,516, 605,516, 
Line 605,492, 416,492, 416,416, 511,416, 511,376, 577,376, 
Line 577,355, 489,355, 489,392, 387,392, 387,322, 
Stairs -75,206, -75,263, -17,206, 
Stairs 234,207, 234,262, 284,207, 
Stairs 345,325, 387,325, 345,364, 
Stairs 143,351, 143,377, 195,351, 
Stairs 234,391, 234,416, 291,391, 
Stairs 236,492, 236,516, 291,492, 
Stairs 425,392, 425,416, 480,392, 
Stairs 519,355, 519,376, 573,355, 
Stairs 542,492, 542,516, 598,492, 

PenColor FF0000
Arrow 327,320, 327,359, 
Arrow 355,333, 355,369, 
Arrow 243,252, 277,252, 
PenColor 009900
Arrow 412,358, 412,319, 
Arrow 376,368, 376,331, 
Arrow 276,219, 241,219, 

