size 941x798
Angle 10

BrushColor -1
PenColor 0
AngleTextOut 0,Arial,20,262,294, << Шоссе Энтузиастов
AngleTextOut 0,Arial,20,588,479, Новогиреево >>
AngleTextOut 0,Arial,25,444,386, Перово, 1
PenColor FCDC04
AngleTextOut 0,Arial,20,260,293, << Шоссе Энтузиастов
AngleTextOut 0,Arial,20,586,478, Новогиреево >>
AngleTextOut 0,Arial,25,442,384, Перово, 1
PenColor 00AFAF
AngleTextOut 0,Arial,15,820,377, Зеленый проспект
AngleTextOut 0,Arial,15,931,384, 
AngleTextOut 0,Arial,15,17,377, Зеленый проспект
AngleTextOut 270,Arial,15,926,88, 3-я Владимирская улица
AngleTextOut 270,Arial,15,173,565, 2-я Владимирская улица
AngleTextOut 270,Arial,15,164,730, 
AngleTextOut 270,Arial,15,173,86, 2-я Владимирская улица
PenColor 0

BrushColor FCDC04
Polygon 377,316, 583,316, 583,349, 377,349, 
Polygon 377,475, 377,442, 583,442, 583,475, 

BrushColor 808080;
Polygon 377,316, 377,357, 317,357, 317,316, 
Polygon 583,316, 647,316, 647,357, 583,357, 
Polygon 316,475, 316,434, 377,434, 377,475, 
Polygon 583,475, 583,433, 644,433, 644,475, 
Polygon 208,443, 208,347, 229,347, 229,443, 
Polygon 734,347, 755,347, 755,444, 734,444, 
Line 846,268, 785,268, 785,315, 794,315, 794,475, 785,475, 785,581, 740,581, 740,515, 
Line 763,562, 763,475, 644,475, 
Line 316,475, 203,475, 203,485, 219,485, 219,580, 
Line 197,580, 197,509, 131,509, 131,580, 
Line 108,580, 108,485, 153,485, 153,316, 167,316, 167,289, 41,289, 
Line 41,266, 108,266, 108,194, 
Line 131,194, 131,266, 197,266, 197,194, 
Line 220,194, 220,266, 272,266, 
Line 272,289, 204,289, 204,316, 317,316, 
Line 846,246, 757,246, 757,316, 647,316, 
Stairs 841,268, 841,246, 798,268, 
Stairs 785,562, 740,562, 785,522, 
Stairs 219,530, 197,530, 219,574, 
Stairs 131,530, 108,530, 131,574, 
Stairs 91,289, 91,266, 46,289, 
Stairs 108,245, 131,245, 108,200, 
Stairs 197,244, 220,244, 197,200, 
Stairs 225,289, 225,266, 266,289, 
Stairs 338,357, 338,434, 320,357, 
Stairs 356,357, 356,434, 372,357, 
Stairs 608,357, 608,433, 590,357, 
Stairs 622,357, 622,433, 640,357, 

PenColor FF0000
Arrow 729,459, 758,459, 
Arrow 232,457, 205,457, 
PenColor 009900
Arrow 757,332, 728,332, 
Arrow 206,331, 234,331, 

