size 520x1070
Angle 90

BrushColor -1
PenColor 34349C
AngleTextOut 0,Arial,20,-6,426, << Измайловская
AngleTextOut 0,Arial,20,374,594, Щелковская >>
AngleTextOut 0,Arial,25,170,506, Первомайская, 1
PenColor 00AFAF
AngleTextOut 0,Arial,15,654,504, 9-я Парковая улица
AngleTextOut 0,Arial,15,-254,504, 9-я Парковая улица
AngleTextOut -90,Arial,15,750,590, Измайловский бульвар
AngleTextOut -90,Arial,15,-220,590, Первомайская улица
PenColor 0

BrushColor 34349C
Polygon 78,481, 78,452, 418,452, 418,481, 
Polygon 78,586, 78,557, 418,557, 418,586, 

BrushColor 808080
Polygon 418,452, 418,490, 488,490, 488,470, 541,470, 541,490, 563,490, 563,452, 
Polygon 78,452, 78,489, 8,489, 8,470, -45,470, -45,490, -67,490, -67,452, 
Polygon 78,586, 78,548, 8,548, 8,567, -1,567, -1,573, -35,573, -35,567, -45,567, -45,548, -66,548, -66,586, 
Polygon 418,586, 418,548, 488,548, 488,567, 498,567, 498,573, 531,573, 531,567, 541,567, 541,548, 563,548, 563,586, 
Polygon -67,521, -67,515, -44,515, -44,521, 
Polygon 541,522, 541,516, 563,516, 563,522, 
Line 563,452, 563,340, 682,340, 
Line 682,380, 605,380, 605,658, 681,658, 
Line 681,698, 563,698, 563,586, 
Line -66,586, -66,698, -184,698, 
Line -184,658, -109,658, -109,380, -184,380, 
Line -184,340, -67,340, -67,452, 
Stairs -181,340, -181,380, -156,340, 
Stairs -137,340, -137,380, -112,340, 
Stairs -181,658, -181,698, -156,658, 
Stairs -137,658, -137,698, -112,658, 
Stairs 22,489, 22,548, 42,489, 
Stairs 60,489, 60,548, 91,489, 
Stairs 408,490, 408,548, 437,490, 
Stairs 455,490, 455,548, 480,490, 
Stairs 609,340, 609,380, 634,340, 
Stairs 653,340, 653,380, 678,340, 
Stairs 609,658, 609,698, 634,658, 
Stairs 653,658, 653,698, 678,658, 

PenColor FF0000
Arrow 529,536, 575,536, 
Arrow 425,534, 489,534, 
Arrow 73,534, 6,534, 
Arrow -41,536, -75,536, 
PenColor 009900
Arrow 572,501, 525,501, 
Arrow 462,503, 400,503, 
Arrow 26,503, 96,503, 
Arrow -67,501, -32,501, 

