Size 615x750
Angle 60

BrushColor -1
AngleTextOut -90, Arial, 15, 473, 485, кассы
PenColor 4C4C4C
AngleTextOut 0, Arial, 20, 186, 443, Владыкино >>
AngleTextOut 0, Arial, 20, -72, 267, << Тимирязевская
AngleTextOut 0, Arial, 25, 1, 354, Петровско-Разумовская, 1
PenColor 00AFAF
AngleTextOut 0, Arial, 15, 497, 199, Локомотивный проезд
AngleTextOut 30, Arial, 15, 239, 106, Дмитровское шоссе
AngleTextOut -90, Arial, 15, 482, -27, '<< к ж/д ст."Петровско-Разумовское"'
PenColor 000000

BrushColor 9CA4A4
Polygon -80,293, 309,293, 309,317, -80,317
Polygon -80,416, 309,416, 309,440, -80,440

Line -80,317, -80,339, -27,339, -27,394, -80,394, -80,416
Line 230,339, 321,339
Line 230,394, 321,394
Line 309,317, 309,339
Line 309,416, 309,394
Line 488,274, 496,274, 496,304, 488,304, 488,279, 444,323, 422,323, 412,333, 412,404, 421,413, 421,450, 450,450, 476,476, 476,533, 448,561, 448,572, 551,572, 561,562, 561,547, 545,547, 545,538, 565,538, 565,547
Line 545,501, 565,501, 565,512, 545,512, 545,501
Line 565,464, 565,474, 545,474, 545,464, 560,464, 560,434, 586,408, 586,321, 543,278, 543,304, 535,304, 535,273, 543,273
Line 511,273, 520,273, 520,304, 511,304, 511,273
Line 412,333, 465,333
Line 412,404, 465,404
Dashed 304,339, 304,394
Dashed 321,339, 465,339, 465,394, 321,394
Spline 321,339, 334,366, 321,394

PenColor FF0000
Arrow 471,355, 499,355
Arrow 502,332, 502,304
Arrow 529,332, 529,304
PenColor 009900
Arrow 496,376, 468,376
Arrow 572,487, 552,487
Arrow 572,525, 552,525

PenColor 040464
BrushColor -1
SpotRect 446, -30, 15, 260, LoadVec PetrRazumRZD.vec
AngleTextOut -90, Arial, 12, 461, -30, 'Схема ж/д cтанции "Петровско-Разумовское"', 5
