Size 940x845
Angle -45

;Воклаз пл. 1
PenColor CCCCCC
BrushColor CCCCCC
Polygon 582,722, 582,780, 568,780, 568,722
Polygon 512,749, 496,749, 496,783, 434,782, 434,789, 512,790, 2
Polygon 432,743, 432,757, 425,750, 2

PenColor 000000
BrushColor 000000
Line 254,300, 254,270, 414,270, 414,300, 444,300, 2
Line 539,236, 584,236, 584,301, 754,301, 754,401, 359,400, 2
Line 358,480, 753,481, 753,581, 398,580, 398,565, 2
Line 358,620, 753,621, 753,721, 583,721, 583,781, 614,781, 614,821, 2
Line 254,300, 159,300, 159,400, 309,400, 2
Line 308,480, 158,480, 158,580, 268,580, 268,565, 2
Line 308,620, 158,620, 158,720, 253,720, 2
Line 753,578, 398,577, 2
Line 268,577, 158,577, 2
BrushColor -1
AngleTextOut 0, Arial, 16, 61, 387, << На Тверь, 2
AngleTextOut 0, Arial, 16, 60, 475, << На Тверь, 2
AngleTextOut 0, Arial, 16, 772, 478, На Москву >>, 2
AngleTextOut 0, Arial, 16, 774, 617, На Москву >>, 2

;Переходной мост+рельсы
Line 400,535, 358,535, 359,389, 2
Line 398,565, 358,565, 358,711, 398,711, 2
Line 268,565, 308,565, 308,711, 2
Line 268,535, 308,535, 309,388, 2
Stairs 358,535, 358,565, 400,535
Stairs 308,535, 308,565, 268,535
Line 359,390, 359,300, 399,300, 2
Line 309,390, 309,300, 269,300, 2
Stairs 359,300, 359,270, 399,300
Stairs 309,300, 309,270, 269,300
Railway 20, 25, 4, 358,450, 1010,451
Railway 20, 25, 4, 872,611, 358,610
Railway 20, 25, 4, 1049,431, 358,430
Railway 20, 25, 4, 308,430, -88,430
Railway 20, 25, 4, 308,470, -126,470
Railway 20, 25, 4, 308,610, 5,610

Line 253,720, 253,750, 398,750, 2
Line 308,711, 268,711, 2
Stairs 308,711, 308,750, 268,711
Stairs 358,750, 358,711, 398,750
Line 398,750, 398,800, 596,801, 596,821, 2

;Вокзал пл. 2
PenColor CCCCCC
BrushColor CCCCCC
Polygon 434,255, 434,265, 489,266, 497,274, 497,301, 544,301, 549,296, 549,256
PenColor 000000
Line 434,285, 434,295, 439,300, 469,300, 3
Line 434,268, 434,240, 439,235, 474,236, 3
Line 494,301, 544,301, 549,296, 549,253, 3
Line 499,236, 549,236, 549,243, 3
Line 434,255, 549,256, 2
Line 434,265, 489,266, 497,274, 497,301, 2
Line 482,296, 482,306, 2
PenColor FF0000
Stairs 459,269, 454,269, 459,296, 2
Arrow 476,310, 476,291
Arrow 488,310, 488,291
Arrow 441,277, 427,277
PenColor 006600
Stairs 532,240, 537,240, 532,255, 2
Arrow 487,228, 487,241
Arrow 543,248, 556,248
BrushColor -1
PenColor 000000
AngleTextOut 180, Arial, 7, 518, 265, Пригородные кассы, 3
AngleTextOut 90, Arial, 6.5, 499, 296, Касса\nна выход, 3

;Воклаз пл. 1
PenColor 000000
Line 433,740, 423,750, 433,760, 433,790, 513,791, 513,741, 3
Line 513,724, 513,721, 433,720, 433,723, 3
Line 583,721, 503,721, 2
Line 433,790, 433,800, 2
Line 513,791, 513,801, 2
Line 513,748, 495,748, 495,782, 434,781, 2
Line 433,740, 433,760, 2
Stairs 583,801, 583,781, 596,801
Stairs 596,801, 613,801, 596,821
Line 438,732, 428,732
Line 518,733, 508,733
PenColor FF0000
Stairs 454,757, 459,757, 454,724, 2
Arrow 425,737, 440,737
PenColor 006600
Stairs 454,761, 459,761, 454,778, 2
Arrow 440,727, 425,727
BrushColor -1
PenColor 000000
AngleTextOut 90, Arial, 7, 495, 784, Пригород-\nные кассы, 3
AngleTextOut 90, Arial, 7, 412, 791, Касса\nна выход, 3
Arrow 422,761, 424,755

;Таблички
PenColor FFCC99
BrushColor FFCC99
Polygon 653,506, 653,552, 693,552, 693,506
PenColor 663300
BrushColor 663300
Line 693,506, 638,506, 638,552, 693,552, 693,506, 3
Polygon 638,506, 638,552, 653,552, 653,506
BrushColor -1
AngleTextOut 92, Arial, 41, 649, 541, 3, 3
PenColor FFCC99
BrushColor -1
AngleTextOut 90, Arial, 8, 641, 550, Платформа, 3

PenColor FFCC99
BrushColor FFCC99
Polygon 654,329, 654,373, 694,374, 694,328
PenColor 663300
BrushColor 663300
Line 694,328, 639,328, 639,374, 694,374, 694,328, 3
Polygon 640,329, 640,373, 654,373, 654,329
BrushColor -1
AngleTextOut 92, Arial, 41, 649, 362, 2, 3
PenColor FFCC99
BrushColor -1
AngleTextOut 90, Arial, 8, 642, 372, Платформа, 3

PenColor FFCC99
BrushColor FFCC99
Polygon 653,651, 653,697, 693,697, 693,651
PenColor 663300
BrushColor 663300
Line 693,651, 638,651, 638,697, 693,697, 693,651, 3
Polygon 638,651, 638,697, 653,697, 653,651
BrushColor -1
AngleTextOut 92, Arial, 41, 648, 686, 1, 3
PenColor FFCC99
BrushColor -1
AngleTextOut 90, Arial, 8, 641, 695, Платформа, 3

; Улицы
PenColor DFFBFB
BrushColor 000EFE
Line 208,847, 650,849, 50
Line 92,182, 848,184, 50
Line 439,185, 444,204, 574,205, 601,195, 621,187, 50
Line 512,171, 613,27, 50
Line 424,-157, 1151,351, 100
PenColor FFFFFF
Line 381,-185, 1191,381, 2
Line 383,-188, 1193,378, 2
PenColor 000000
Line 731,134, 749,131, 889,229, 892,247

PenColor 00AFAF
BrushColor -1
AngleTextOut 0, Arial, 18, 242, 164, ул. Октябрьской ж/д линии, 3
AngleTextOut 0, Arial, 12, 625, 213, 'к метро "Петровско-Разумовская" >>', 3
AngleTextOut -35, Arial, 18, 576, -42, Дмитровское шоссе', 1

PenColor 040464
BrushColor -1
SpotRect 618, 240, 266, 16, LoadVec PetrovskoRazumovskaya.vec
TextOut Arial, 12, 618, 240, Схема cтанции метро "Петровско-Разумовская", 5
PenColor 000000
