size 870x600
Angle 16

BrushColor -1
PenColor 2C7CAC
AngleTextOut 0,Arial,20,103,100, << Кунцевская
AngleTextOut 0,Arial,30,338,192, Пионерская, 1
AngleTextOut 0,Arial,20,678,289, Филевский парк >>
PenColor 00AFAF
AngleTextOut 0,Arial,15,364,75, Малая Филевская улица
PenColor 0

BrushColor 2C7CAC
Polygon 67,150, 67,126, 841,126, 841,150, 
Polygon 67,284, 67,260, 841,260, 841,284, 

BrushColor 808080
Polygon 676,177, 676,183, 594,183, 594,177, 
Polygon 594,233, 594,227, 676,227, 676,233, 
Polygon 314,233, 314,227, 232,227, 232,233, 
Polygon 314,177, 314,183, 232,183, 232,177, 
Polygon 131,387, 131,380, 202,381, 202,443, 130,443, 130,436, 194,436, 194,387, 
Polygon 750,446, 750,439, 687,439, 686,390, 750,390, 750,383, 678,383, 679,446, 

Line 841,150, 841,260, 
Line 67,260, 67,150, 
Line 232,233, 133,233, 133,177, 232,177, 
Line 676,177, 775,177, 775,233, 676,233, 
Line 310,342, 310,333, 100,333, 100,493, 310,493, 310,484, 
Line 310,457, 310,368, 
Line 572,483, 572,492, 781,492, 781,333, 572,333, 572,342, 
Line 572,369, 572,457, 
Line 202,381, 218,381, 230,405, 260,405, 271,380, 281,380, 281,443, 202,443, 
Line 678,383, 599,383, 599,447, 610,447, 622,422, 652,422, 663,446, 679,446, 
Stairs 278,227, 278,183, 235,227, 
Stairs 630,227, 630,183, 673,227, 
Stairs 182,436, 182,387, 133,436, 
Stairs 699,439, 699,390, 747,439, 

PenColor FF0000
Arrow 619,193, 683,193, 
Arrow 289,193, 224,193, 
Arrow 598,347, 558,347, 
Arrow 283,479, 322,479, 
Arrow 189,425, 125,425, 
Arrow 692,401, 756,401, 
PenColor 009900
Arrow 679,217, 618,217, 
Arrow 229,217, 290,217, 
Arrow 320,348, 289,348, 
Arrow 560,478, 591,478, 
Arrow 126,398, 189,398, 
Arrow 756,428, 692,428, 

