size 552x1150
Angle -80

BrushColor -1
PenColor AC24AC
AngleTextOut 0,Arial,20,228,405, << тупик
AngleTextOut 0,Arial,20,390,592, Сходненская >>
AngleTextOut 0,Arial,25,322,493, Планерная, 1
PenColor 00AFAF
AngleTextOut 90,Arial,15,-125,578, Планерная улица
AngleTextOut 180,Arial,15,-140,393, Планерная улица
AngleTextOut 150,Arial,15,42,793, Планерная улица
AngleTextOut 180,Arial,15,-174,741, улица Вилиса Лациса
PenColor 0

BrushColor AC24AC
Polygon 222,432, 530,432, 530,466, 222,466, 
Polygon 222,557, 530,557, 530,591, 222,591, 

BrushColor 808080
Polygon 530,432, 530,474, 637,474, 637,432, 
Polygon 530,591, 530,549, 636,549, 636,591, 
Polygon 222,591, 222,549, 116,549, 116,591, 
Polygon 222,432, 222,474, 115,474, 115,432, 
Polygon 102,505, 201,505, 201,511, 102,511, 
Polygon 551,505, 650,505, 650,510, 551,510, 
Polygon -40,551, -40,472, 13,472, 13,457, -55,457, -55,566, 13,566, 13,551, 
Polygon 792,472, 739,472, 739,457, 807,457, 807,566, 739,566, 739,551, 792,551, 
Line 637,474, 650,474, 650,427, 682,414, 682,432, 826,432, 826,411, 
Line 636,549, 650,549, 650,597, 682,608, 682,590, 826,590, 826,611, 
Line 115,474, 102,474, 102,426, 70,414, 70,432, -73,432, -73,411, 
Line 116,549, 102,549, 102,596, 70,608, 70,590, -73,590, -73,611, 
Dashed 650,474, 650,505, 
Dashed 555,474, 555,505, 
Dashed 198,474, 198,505, 
Dashed 102,474, 102,505, 
Stairs 551,510, 551,549, 641,510, 
Stairs 201,511, 201,549, 111,511, 

PenColor FF0000
Arrow -11,439, -62,439, 
Arrow 763,439, 816,439, 
Arrow 214,490, 173,490, 
Arrow 541,490, 580,490, 
PenColor 009900
Arrow -58,583, -11,583, 
Arrow 173,528, 215,528, 
Arrow 580,528, 540,528, 
Arrow 811,583, 764,583, 

