size 927x870
Angle 145

BrushColor -1
PenColor E41c0c
AngleTextOut 180,Arial,20,345,479, Черкизовская >>
AngleTextOut 180,Arial,20,597,624, << тупик
AngleTextOut 180,Arial,25,528,550, Улица Подбельского, 1
PenColor 00AFAF
AngleTextOut -90,Arial,15,6,249, Открытое шоссе
AngleTextOut -90,Arial,15,903,290, ул. Подбельского
AngleTextOut 180,Arial,15,911,539, Ивантеевская ул.
AngleTextOut 180,Arial,15,6,405, Ивантеевская ул.
PenColor 0

BrushColor E41c0c
Polygon 273,483, 563,484, 563,506, 273,506, 
Polygon 273,574, 563,574, 563,598, 273,598, 

BrushColor 808080
Polygon 563,484, 626,484, 626,516, 563,516, 
Polygon 563,598, 563,563, 626,563, 626,598, 
Polygon 273,598, 273,563, 168,563, 168,598, 
Polygon 273,483, 273,517, 168,517, 168,483, 
Polygon 77,508, 100,508, 100,572, 77,572, 
Polygon 715,508, 738,508, 739,571, 715,571, 

Line 168,483, 71,483, 71,466, 141,466, 141,438, 72,438, 72,356, 141,356, 141,328, 65,328, 65,259, 36,259, 36,598, 168,598, 
Line 626,598, 742,598, 742,669, 707,669, 707,697, 813,697, 813,637, 778,637, 778,597, 788,597, 788,559, 795,559, 795,521, 788,521, 788,483, 779,483, 779,402, 848,402, 848,373, 742,373, 742,484, 626,484, 
Line 65,268, 41,268, 41,324, 
Line 131,356, 131,333, 76,333, 
Line 131,466, 131,442, 75,442, 
Line 184,541, 260,541, 
Dashed 186,541, 186,563, 
Dashed 258,541, 258,563, 
Line 839,402, 839,377, 784,377, 
Line 742,669, 779,669, 779,697, 
Line 779,673, 717,673, 717,697, 
Stairs 131,333, 131,356, 76,333, 
Stairs 41,268, 65,268, 41,324, 
Stairs 258,541, 258,517, 186,541, 
Stairs 131,442, 131,466, 75,442, 
Stairs 563,563, 563,516, 626,563, 
Stairs 717,673, 717,697, 779,673, 
Stairs 839,377, 839,402, 784,377, 
Stairs 779,443, 742,443, 779,452, 
Stairs 778,616, 742,616, 778,626, 

PenColor FF0000
Arrow 702,582, 755,582, 
Arrow 114,582, 59,582, 
PenColor 009900
Arrow 742,495, 692,495, 
Arrow 62,495, 116,495, 
