Size 1290x780
;Angle -30.4
;Image Покровское стрешнево.bmp

BrushColor 909090
Polygon 427,485, 608,367, 765,271, 952,165, 1093,95, 1103,112, 782,300, 437,502

BrushColor C0C0C0
Polygon 749,313, 739,296, 793,264, 803,281

BrushColor -1
PenColor 00AFAF
AngleTextOut 335, Arial, 20, 237, 591, Волоколамское шоссе

PenColor 000000
AngleTextOut 33, Arial, 20, 406, 452, << Тушино
AngleTextOut 30, Arial, 20, 985, 201, Ленинградская >>
AngleTextOut 30, Arial, 22, 652, 343, Покровское-Стрешнево, 1
AngleTextOut 345, Arial, 15, 923, 635, Заправка

PenColor 000000
Line 427,485, 411,495, 403,495, 331,481
Line 328,490, 395,503, 429,555
Line 437,502, 421,512, 420,516, 441,547
Line 915,626, 944,634, 942,641, 957,645, 960,635, 993,643, 985,672, 953,663, 951,667, 936,663, 929,684, 901,676, 915,626

Stairs 411,495, 421,512, 427,485

Railway 9, 12, 7, 2,723, 349,516, 622,339, 808,227, 937,155, 1047,98, 1229,16
Railway 9, 12, 7, 12,759, 627,399, 970,198, 1106,120, 1268,40

;ЗЕЛЁНЫЙ МАССИВ
BrushColor 84AC60
PenColor 84AC60
Polygon 1278,67, 1073,185, 900,285, 777,350, 727,406, 690,466, 417,579, 407,608, 423,631, 521,677, 562,691, 604,675, 617,648, 640,642, 736,668, 771,680, 810,666, 821,620, 851,593, 908,590, 973,611, 1023,599, 1074,538, 1082,475, 1166,429, 1278,410
Polygon 470,778, 296,697, 231,693, 179,719, 179,778
Polygon 9,5, 7,431, 180,501, 263,476, 380,449, 546,344, 917,131, 1095,7


BrushColor FFFFFF
PenColor FFFFFF
Polygon 256,562, 327,595, 223,654, 157,623

PenColor 000000
Line 8,453, 584,722, 594,723, 602,718, 619,680, 633,671, 656,668, 797,706, 814,704, 828,694, 840,672, 886,631, 917,620, 950,623, 995,636, 1015,645, 993,712, 897,690, 872,692, 851,706, 841,721, 845,733, 866,780
Line 841,779, 828,749, 819,739, 654,694, 647,694, 640,696, 626,726, 626,734, 631,740, 742,777
Line 500,777, 6,547
Line 188,523, 194,533, 350,606, 362,605
Line 87,598, 100,597, 259,671, 267,681
BrushColor -1
PenColor 00AFAF

AngleTextOut 335, Arial, 20, 237, 591, Волоколамское шоссе

;водоём
BrushColor 2288FF
PenColor 84AC60
Polygon 253,449, 310,382, 421,275, 483,173, 506,63, 484,39, 436,36, 382,93, 297,229, 222,318, 175,390, 195,437
PenColor 2288FF
Spline 179,390, 225,321, 300,232, 384,98, 429,44, 473,36, 504,72, 480,169, 419,272, 307,379, 254,445, 198,434, 179,390, 10


[]
