size 1130x607
Angle 10

BrushColor -1
PenColor AC24AC
AngleTextOut 0,Arial,20,378,156, << Октябрьское поле
AngleTextOut 0,Arial,20,598,327, Беговая >>
AngleTextOut 0,Arial,25,452,244, Полежаевская, 1
PenColor 00AFAF
AngleTextOut -15,Arial,15,19,262, Хорошевское шоссе
AngleTextOut 0,Arial,15,979,301, Хорошевское шоссе
AngleTextOut -90,Arial,15,202,-53, улица Куусинена
PenColor 0

BrushColor AC24AC
Polygon 376,179, 694,179, 694,213, 376,213, 
Polygon 376,296, 693,296, 693,326, 376,326, 

BrushColor B0B0B0
Polygon 376,409, 694,409, 694,443, 376,443, 

BrushColor 808080
Polygon 694,179, 797,179, 797,213, 748,213, 748,234, 694,234, 
Polygon 376,179, 376,221, 315,221, 315,179, 
Polygon 693,253, 790,253, 790,259, 693,259, 
Polygon 693,279, 799,279, 799,343, 693,343, 
Polygon 315,277, 376,277, 376,345, 315,345, 
Polygon 693,363, 790,363, 790,369, 693,369, 
Polygon 315,401, 376,401, 376,443, 315,443, 
Polygon 694,443, 694,388, 748,388, 748,409, 797,409, 797,443, 
Polygon 845,210, 908,210, 908,274, 887,274, 887,255, 845,255, 
Polygon 845,367, 887,367, 887,348, 908,348, 908,438, 892,438, 892,412, 845,412, 
Polygon 214,210, 235,210, 235,216, 277,216, 277,252, 231,252, 231,282, 238,282, 238,290, 214,290, 
Polygon 231,370, 277,370, 277,406, 235,406, 235,440, 215,440, 215,332, 238,332, 238,340, 231,340, 
Line 797,179, 889,179, 889,184, 914,184, 914,135, 868,135, 
Line 868,113, 987,113, 
Line 987,135, 936,135, 936,274, 947,274, 947,347, 936,347, 936,470, 987,470, 
Line 987,492, 868,492, 
Line 868,470, 915,470, 915,438, 908,438, 
Line 797,443, 892,443, 892,438, 
Line 315,443, 235,443, 235,440, 
Line 215,440, 209,440, 209,510, 130,510, 
Line 130,489, 183,489, 183,337, 171,337, 171,283, 183,283, 183,144, 150,111, 137,124, 
Line 122,109, 135,97, 135,66, 
Line 157,66, 157,85, 193,121, 218,121, 218,97, 
Line 240,97, 240,143, 209,143, 209,179, 315,179, 
Line 748,234, 790,234, 
Line 748,388, 790,388, 
Dashed 694,234, 694,253, 
Dashed 790,253, 790,234, 
Dashed 694,388, 694,369, 
Dashed 790,388, 790,369, 
Stairs 984,113, 984,135, 944,113, 
Stairs 872,113, 872,135, 912,113, 
Stairs 914,148, 936,148, 914,164, 
Stairs 872,470, 872,492, 912,470, 
Stairs 944,470, 944,492, 984,470, 
Stairs 132,489, 132,510, 172,489, 
Stairs 317,221, 317,277, 374,221, 
Stairs 319,345, 319,401, 373,345, 
Stairs 710,259, 710,279, 775,259, 
Stairs 710,343, 710,363, 775,343, 
Stairs 218,116, 240,116, 218,101, 
Stairs 135,80, 157,80, 135,70, 
Stairs 148,114, 133,99, 137,124, 

PenColor FF4040
BrushColor -1
Dashed 312,330, 895,330, 895,451, 312,451, 312,330, 
AngleTextOut 0,Arial,15,809,331, прохода нет,1
AngleTextOut 0,Arial,15,382,368, прохода нет,1

PenColor FF0000
Arrow 887,195, 915,195, 
Arrow 794,243, 821,243, 
Arrow 237,195, 209,195, 

PenColor 009900
Arrow 912,287, 884,287, 
Arrow 743,268, 702,268, 
Arrow 208,311, 240,311, 

