size 450x808
Angle 105

BrushColor -1
PenColor 4C4C4C
AngleTextOut 180,Arial,20,600,499, << Боровицкая
AngleTextOut 180,Arial,20,405,330, Серпуховская >>
AngleTextOut 180,Arial,25,516,421, Полянка, 1
PenColor 00AFAF
AngleTextOut -180,Arial,15,86,532, улица Большая Полянка
AngleTextOut -195,Arial,15,30,191, улица Малая Полянка
AngleTextOut -90,Arial,15,147,169, Бродников переулок
PenColor 0

BrushColor 9CA4A4
Polygon 257,332, 257,358, 607,358, 607,332, 
Polygon 257,447, 257,473, 607,473, 607,447, 

BrushColor 808080
Polygon 607,377, 563,377, 563,428, 607,428, 
Polygon 257,430, 390,430, 390,424, 351,424, 351,415, 342,415, 342,425, 257,425, 
Polygon 257,375, 390,375, 390,381, 351,381, 351,390, 343,390, 343,380, 257,380, 
Polygon 163,363, 100,363, 100,339, 163,339, 
Polygon 163,466, 100,466, 100,442, 163,442, 
Polygon 16,466, 16,457, -3,457, -3,466, 
Polygon 16,433, 16,371, -3,371, -3,433, 
Polygon 16,339, 16,348, -3,348, -3,339, 
Line 607,358, 607,447, 
Line 256,375, 257,358, 
Line 257,430, 257,447, 
Line 163,442, 163,425, 
Line 163,363, 163,380, 
Line 134,380, 175,380, 180,393, 180,412, 175,425, 135,425, 
Line 100,339, -39,339, -38,280, -136,280, -136,427, 
Line -100,428, -100,315, -74,315, -74,466, 100,466, 
Line 257,380, 252,392, 252,412, 257,425, 
Dashed 312,425, 312,380, 
Dashed 257,380, 175,380, 
Dashed 257,425, 175,425, 
Dashed 134,380, 135,425, 
Stairs -35,339, -35,466, -25,339, 
Stairs -100,417, -136,417, -100,325, 
Stairs -91,315, -91,280, -81,315, 

PenColor FF0000
Arrow 30,445, -16,445, 
Arrow 390,413, 358,413, 
PenColor 009900
Arrow -16,360, 28,360, 
Arrow 358,393, 390,393, 

