size 680x1016
Angle 75

BrushColor -1
PenColor 4C4C4C
AngleTextOut 0,Arial,20,422,656, Южная >>
AngleTextOut 0,Arial,20,240,469, << Улица Академика Янгеля
AngleTextOut 0,Arial,25,321,561, Пражская, 1
PenColor 00AFAF
AngleTextOut -90,Arial,15,364,692, улица Красного маяка
AngleTextOut -90,Arial,15,359,263, улица Красного маяка
AngleTextOut 0,Arial,15,209,423, Кировоградская улица
PenColor 0

BrushColor 9CA4A4
Polygon 238,493, 503,493, 503,527, 238,527, 
Polygon 238,618, 503,618, 503,652, 238,652, 

BrushColor 808080
Polygon 503,493, 503,535, 603,535, 603,493, 
Polygon 503,652, 503,610, 604,610, 604,652, 
Polygon 238,652, 238,610, 131,610, 131,652, 
Polygon 238,493, 238,535, 132,535, 132,493, 
Polygon 687,524, 708,524, 708,621, 687,621, 
Polygon 27,524, 48,524, 48,621, 27,621, 
Line 603,493, 689,493, 689,498, 715,498, 715,492, 725,492, 725,463, 668,463, 
Line 668,443, 725,443, 725,376, 668,376, 
Line 668,356, 809,356, 
Line 809,376, 746,376, 746,443, 809,443, 
Line 809,463, 746,463, 746,652, 714,652, 714,646, 689,646, 689,652, 604,652, 
Line 131,652, 46,652, 46,646, 21,646, 21,652, 8,652, 8,694, 71,694, 
Line 71,715, 0,715, 0,795, 
Line -21,795, -21,736, -64,736, -64,795, 
Line -84,795, -84,657, 
Line -64,657, -64,715, -21,715, -21,693, -13,693, -13,651, -21,651, -21,492, -13,492, -13,467, -21,467, -21,337, -76,337, -76,396, 
Line -97,396, -97,289, 
Line -76,289, -76,316, 3,316, 3,289, 
Line 23,289, 23,337, 94,337, 
Line 94,359, 31,359, 31,468, 8,468, 8,493, 21,493, 21,498, 47,498, 47,493, 132,493, 
Line 150,572, 230,572, 
Line 519,572, 594,572, 
Dashed 230,572, 230,535, 
Dashed 150,572, 150,535, 
Dashed 519,572, 519,535, 
Dashed 594,572, 594,535, 
Stairs 805,376, 805,356, 761,376, 
Stairs 674,356, 674,376, 718,356, 
Stairs 674,443, 674,463, 718,443, 
Stairs 761,443, 761,463, 805,443, 
Stairs 526,572, 526,610, 591,572, 
Stairs 157,572, 157,610, 222,572, 
Stairs 46,337, 46,359, 90,337, 
Stairs 3,292, 23,292, 3,312, 
Stairs -97,291, -76,291, -97,313, 
Stairs -97,345, -76,345, -97,391, 
Stairs -84,660, -64,660, -84,707, 
Stairs -84,740, -64,740, -84,790, 
Stairs -21,741, 0,741, -21,789, 
Stairs 23,694, 23,715, 67,694, 

PenColor FF0000
Arrow 686,509, 714,509, 
Arrow 50,509, 22,509, 
PenColor 009900
Arrow 712,632, 684,632, 
Arrow 24,632, 52,632, 

