Size 1100x733
Angle 20

BrushColor E41C0C
Polygon 765,378, 448,378, 448,353, 765,353
Polygon 765,276, 448,276, 448,250, 765,250

BrushColor 808080
Polygon 448,378, 378,378, 378,340, 448,340
Polygon 448,250, 448,288, 377,288, 377,250
Polygon 765,250, 765,289, 835,289, 835,250
Polygon 765,378, 765,341, 836,341, 836,378
Polygon 275,279, 275,350, 301,350, 301,279
Polygon 913,279, 913,351, 939,351, 939,279

Line 1010,590, 918,590
Line 1010,556, 985,556, 985,468, 1003,468
Line 1003,452, 985,452, 985,416, 1003,416
Line 1003,399, 985,399, 985,203, 1034,203
Line 1034,167, 885,167
Line 885,203, 942,203, 942,250, 835,250
Line 918,555, 943,555, 943,538, 930,538, 930,508, 943,508, 943,378, 836,378

Line 195,167, 303,167
Line 303,203, 268,203, 268,250, 377,250

Line 378,378, 268,378, 268,552, 492,552, 492,519
Line 195,378, 228,378, 228,203, 195,203




Line 195,410, 228,410, 228,552, 195,552
Line 195,582, 228,582, 228,611
Line 268,611, 268,582, 491,582, 491,611
Line 530,611, 530,519

Stairs 985,556, 985,590, 1007,556
Stairs 943,555, 943,590, 922,555
Stairs 1003,452, 1003,468, 985,452
Stairs 1003,399, 1003,416, 985,399
Stairs 1031,167, 1031,203, 984,167
Stairs 888,167, 888,203, 942,167
Stairs 985,219, 942,219, 985,228
Stairs 298,167, 298,203, 270,167
Stairs 200,167, 200,203, 228,167
Stairs 832,289, 832,341, 765,289
Stairs 381,288, 381,340, 448,288
Stairs 200,378, 200,410, 228,378
Stairs 268,606, 228,606, 268,582
Stairs 200,582, 200,552, 228,582
Stairs 492,524, 530,524, 492,552
Stairs 491,606, 530,606, 491,582

PenColor FF0000
Arrow 318,365, 257,365
Arrow 898,365, 954,365
PenColor 009900
Arrow 259,266, 319,266
Arrow 955,266, 895,266

BrushColor -1
PenColor E41C0C
AngleTextOut 0, Arial, 20, 705, 382, Черкизовская >>
AngleTextOut 0, Arial, 20, 358, 226, << Сокольники
AngleTextOut 0, Arial, 25, 458, 302, Преображенская площадь, 1
PenColor 00AFAF
AngleTextOut 0, Arial, 15, 1016, 428, к трамваям
AngleTextOut 0, Arial, 15, 537, 423, ул. Большая Черкизовская
AngleTextOut 0, Arial, 15, -36, 423, Преображенская площадь
AngleTextOut -90, Arial, 15, 382, 25, ул. Краснобогатырская
AngleTextOut -90, Arial, 15, 389, 494, ул. Преображенский Вал
PenColor 000000

