size 803x1013
Angle 62

BrushColor -1
PenColor F7782E
AngleTextOut 0,Arial,20,452,590, Академическая >>
AngleTextOut 0,Arial,20,250,401, << Новые Черемушки
AngleTextOut 0,Arial,25,349,492, Профсоюзная, 1
PenColor 00AFAF
AngleTextOut 0,Arial,15,-114,500, Профсоюзная улица
AngleTextOut 0,Arial,15,830,501, Профсоюзная улица
AngleTextOut -90,Arial,15,404,212, Нахимовский проспект
AngleTextOut -90,Arial,15,403,653, Нахимовский проспект
PenColor 0

BrushColor FC9C54
Polygon 235,427, 595,427, 595,461, 235,461, 
Polygon 235,552, 595,552, 595,586, 235,586, 

BrushColor 808080
Polygon 595,427, 664,427, 664,469, 580,469, 580,465, 595,465, 
Polygon 595,586, 595,548, 580,548, 580,544, 664,544, 664,586, 
Polygon 235,586, 235,548, 250,548, 250,544, 166,544, 166,586, 
Polygon 235,427, 235,465, 250,465, 250,469, 166,469, 166,427, 
Polygon 61,504, 101,504, 101,510, 61,510, 
Polygon 728,504, 769,504, 769,509, 728,509, 
Line 664,438, 727,438, 727,469, 770,469, 770,345, 691,345, 
Line 691,312, 860,312, 
Line 860,345, 800,345, 800,666, 860,666, 
Line 860,700, 691,700, 
Line 691,666, 771,666, 771,544, 727,544, 727,575, 664,575, 
Line 166,438, 103,438, 103,469, 60,469, 60,346, 140,346, 
Line 140,312, -36,312, 
Line -36,346, 31,346, 31,666, -36,666, 
Line -36,700, 140,700, 
Line 140,666, 60,666, 60,543, 104,543, 104,575, 166,575, 
Stairs 693,666, 693,700, 761,666, 
Stairs 860,666, 860,700, 805,666, 
Stairs 860,345, 860,312, 805,345, 
Stairs 763,312, 763,345, 694,312, 
Stairs 654,469, 654,544, 628,469, 
Stairs 613,469, 613,544, 584,469, 
Stairs 247,469, 247,544, 218,469, 
Stairs 202,469, 202,544, 178,469, 
Stairs 138,666, 138,700, 68,666, 
Stairs 26,666, 26,700, -34,666, 
Stairs 138,312, 138,346, 68,312, 
Stairs 26,312, 26,346, -34,312, 

PenColor FF0000
Arrow 723,484, 775,484, 
Arrow 107,529, 58,529, 
PenColor 009900
Arrow 775,529, 722,529, 
Arrow 56,484, 106,484, 

