Size 1090x1000
Angle -5
BrushColor -1
PenColor 5C9F2E
AngleTextOut 45, Arial, 20, 506, 248, Крестьянская застава, 1
AngleTextOut 45, Arial, 15, 405, 213, << Дубровка
AngleTextOut 45, Arial, 15, 696, 200, Римская >>
PenColor AC24AC
AngleTextOut 0, Arial, 15, 292, 497, << Таганская
AngleTextOut 0, Arial, 15, 331, 639, Волгоградский проспект >>
AngleTextOut 0, Arial, 20, 340, 586, Пролетарская, 1
PenColor 00AFAF
AngleTextOut -10, Arial, 15, 861, 423, площадь Крестьянской заставы
AngleTextOut 70, Arial, 15, 191, 1019, улица Крутицкий вал
AngleTextOut -45, Arial, 15, 818, 66, Волгоградский проспект
AngleTextOut 70, Arial, 15, 873, 608, 1-я Дубровская улица
AngleTextOut 20, Arial, 15, 195, 755, 3-й Крутицкий переулок
AngleTextOut -10, Arial, 15, 195, 188, Воронцовская улица
PenColor 000000

BrushColor 7CBC54
Polygon 435,241, 419,225, 641,3, 657,19
Polygon 543,349, 527,333, 749,111, 765,127
Dashed 480,235, 527,283, 469,341, 421,294, 480,235

BrushColor AC1CAC
Polygon 293,543, 293,516, 420,516, 393,543
Polygon 417,543, 445,515, 502,515, 502,543
Polygon 294,638, 294,611, 502,611, 502,638

BrushColor C4C4C4
Polygon 470,245, 462,237, 484,215, 492,223
Polygon 518,292, 526,300, 547,279, 539,271
Polygon 387,343, 419,375, 416,378, 424,386, 435,375, 427,367, 424,370, 392,338, 395,335, 387,327, 376,338, 384,346
Polygon 228,516, 228,551, 293,551, 293,516
Polygon 502,515, 502,551, 567,551, 567,515
Polygon 228,638, 228,602, 294,602, 294,638
Polygon 502,638, 502,602, 567,602, 567,638
Polygon 126,539, 146,539, 146,614, 126,614
Polygon 649,540, 669,540, 669,614, 649,614
Polygon 431,469, 473,427, 468,422, 482,408, 503,429, 447,485
Line 657,19, 672,34, 629,77, 643,91, 652,82, 686,116, 677,125, 689,137, 732,94, 749,111
Line 527,333, 512,318, 526,304, 516,294, 500,290
Line 435,241, 445,250, 458,237, 468,247, 472,261
Line 449,284, 434,281, 421,294, 416,290, 406,300, 398,300, 391,293, 346,338, 341,333, 336,338, 304,306
Line 294,316, 326,348, 322,352, 327,357, 323,361, 449,487, 420,516
Line 233,516, 78,516, 78,687, 87,710, 37,728
Line 232,638, 121,638, 121,676, 128,695, 189,673
Line 811,486, 749,424, 817,356, 879,418
Line 893,404, 755,266

Line 561,638, 717,638, 717,458, 736,439, 797,500
Line 741,280, 795,334, 672,457, 672,515, 561,515

Line 478,313, 481,329, 469,341, 493,365, 493,371, 486,378, 534,426, 445,515
Line 417,543, 396,564, 442,564
Line 393,543, 372,564, 340,564
Line 340,585, 442,585
Line 264,820, 93,882
Line 193,688, 134,710, 138,721, 188,809, 194,826, 258,803

Line 43,747, 93,728, 97,739, 104,751, 82,757
Line 85,769, 111,762, 123,782, 91,790
Line 95,804, 130,795, 149,828, 154,841, 87,865


Stairs 786,489, 800,475, 779,482
Stairs 769,472, 783,458, 762,465
Stairs 752,455, 766,441, 745,448
Stairs 868,407, 882,393, 861,400
Stairs 851,390, 865,376, 844,383
Stairs 834,373, 848,359, 827,366
Stairs 752,291, 766,277, 759,298
Stairs 776,315, 790,301, 769,308
Stairs 786,325, 800,311, 793,332
Stairs 672,493, 717,493, 672,511
Stairs 560,602, 560,551, 507,602
Stairs 234,602, 234,551, 252,602
Stairs 267,551, 267,602, 286,551
Stairs 345,585, 345,564, 366,585
Stairs 417,585, 417,564, 438,585
Stairs 448,512, 436,500, 460,500
Stairs 495,465, 357,327, 491,469
Stairs 297,319, 307,309, 323,345
Stairs 98,753, 101,765, 86,756
Stairs 186,690, 181,676, 170,696
Stairs 150,688, 155,702, 134,693
Stairs 107,786, 111,800, 95,789
Stairs 260,821, 254,804, 244,827
Stairs 214,819, 220,836, 198,824
Stairs 84,711, 91,729, 68,717
Stairs 63,739, 57,721, 47,745
Stairs 155,859, 149,843, 139,865
Stairs 115,855, 121,872, 99,861

PenColor FF0000
Arrow 150,623, 113,623
Arrow 644,622, 677,622
Arrow 434,394, 421,407
Arrow 443,333, 431,345
Arrow 505,420, 487,402
Arrow 401,541, 419,523
PenColor 009900
Arrow 118,529, 154,529
Arrow 676,528, 643,528
Arrow 419,333, 431,321
Arrow 493,396, 511,414
Arrow 424,528, 406,546
Arrow 356,343, 371,328

