Size 600x850
Angle -10

BrushColor -1
PenColor F7782E
AngleTextOut 90, Arial, 15, 164, 278, Рижская >>
AngleTextOut 90, Arial, 15, 17, 466, << Сухаревская
AngleTextOut 90, Arial, 25, 85, 498, Проспект Мира, 1
PenColor 543C04
AngleTextOut 0, Arial, 15, 191, 627, << Новослободская
AngleTextOut 0, Arial, 15, 327, 768, Комсомольская >>
AngleTextOut 0, Arial, 25, 232, 691, Проспект Мира, 1
PenColor 00AFAF
AngleTextOut 90, Arial, 15, 323, 407, проспект Мира
PenColor 000000

BrushColor FC9C54
Polygon 36,204, 52,204, 52,469, 36,469
Polygon 145,204, 161,204, 161,469, 145,469
Line 221,41, 221,46, 204,46, 204,32, 176,32, 176,69, 148,76
Line 221,72, 221,67, 204,67, 204,130, 221,130, 221,125
Line 222,156, 222,151, 205,151, 205,166, 202,166, 202,185, 215,181
Line 166,194, 179,190, 179,166, 176,166, 176,133, 152,126
Line 104,212, 115,218, 126,218, 126,204, 145,204
Line 94,212, 82,218, 70,218, 70,204, 52,204
Spline 148,75, 133,56, 104,43, 60,56, 38,94, 45,129, 63,149, 79,157, 83,159, 90,171, 107,171, 116,158, 130,150, 142,140, 151,127
Dashed 115,231, 115,159, 82,159, 82,231
Dashed 116,288, 79,288
Line 52,469, 73,469, 73,398, 79,398, 79,474, 72,474, 72,507, 84,507
Line 113,507, 124,507, 124,474, 117,474, 117,397, 123,397, 123,469, 145,469
Dashed 124,501, 72,501
Dashed 113,507, 113,561, 84,561, 84,507

BrushColor 9B5509
Polygon 187,659, 187,645, 437,645, 437,659
Polygon 187,753, 187,767, 437,767, 437,753
Line 113,555, 118,555, 118,690, 216,690, 216,675, 187,675, 187,659
Line 84,555, 75,555, 75,721, 216,721, 216,736, 187,736, 187,753
Line 437,753, 437,735, 408,735, 408,722, 448,722, 453,715, 455,706, 453,697, 448,689, 408,689, 408,675, 437,675, 437,659
Line 481,737, 549,737, 549,720, 535,716, 527,710, 527,702, 535,695, 549,689, 549,673, 481,673
Line 481,632, 627,632, 627,770, 607,770, 607,797, 569,797, 569,780, 481,780
Dashed 550,686, 578,686, 578,725, 551,725
Dashed 550,722, 439,722, 439,689, 549,689
Stairs 182,690, 182,721, 164,690
Stairs 150,690, 150,721, 133,690

BrushColor C4C4C4
Polygon 79,348, 72,348, 72,231, 82,231, 82,271, 79,276
Polygon 117,348, 124,348, 124,231, 115,231, 115,270, 117,276
Polygon 89,586, 105,586, 105,609, 103,609, 103,689, 92,689, 92,609, 89,609
Polygon 151,97, 170,94, 170,110, 151,107
Polygon 177,116, 177,86, 181,90, 181,112

PenColor FF0000
Arrow 197,140, 229,140
Arrow 143,115, 184,126
Arrow 89,317, 89,292
Arrow 519,643, 489,643
Arrow 518,665, 489,665
Arrow 548,696, 578,696
PenColor 009900
Arrow 227,56, 196,56
Arrow 184,76, 143,89
Arrow 108,292, 108,318
Arrow 577,714, 548,714
Arrow 489,748, 518,748
Arrow 488,768, 518,768

