Size 900x750
Angle -40

BrushColor -1
PenColor AC24AC
AngleTextOut 40, Arial, 15, 309, 329, << Баррикадная
AngleTextOut 40, Arial, 15, 487, 265, Кузнецкий мост >>
AngleTextOut 40, Arial, 25, 375, 304, Пушкинская, 1
PenColor 046434
AngleTextOut 0, Arial, 15, 308, 457, << Маяковская
AngleTextOut 0, Arial, 15, 534, 537, Театральная >>
AngleTextOut 0, Arial, 25, 511, 443, Тверская, 1
PenColor 4C4C4C
AngleTextOut 90, Arial, 15, 750, 473, << Боровицкая
AngleTextOut 90, Arial, 15, 827, 305, Цветной бульвар >>
AngleTextOut 90, Arial, 25, 786, 389, Чеховская, 1
PenColor 00AFAF
AngleTextOut 0, Arial, 15, 364, 626, улица Тверская
AngleTextOut 0, Arial, 10, 134, 483, Тверской
AngleTextOut 0, Arial, 10, 134, 491, пассаж
AngleTextOut 90, Arial, 15, 440, 82, Пушкинская площадь
AngleTextOut 90, Arial, 15, 218, 770, Большая Бронная улица
AngleTextOut 90, Arial, 15, 521, 770, Тверской бульвар
AngleTextOut 90, Arial, 15, 388, 64, Страстной бульвар
PenColor 000000

BrushColor AC1CAC
Polygon 540,155, 546,163, 323,350, 317,342
Polygon 415,313, 421,320, 348,381, 342,374
Polygon 433,298, 439,305, 467,282, 461,275
Polygon 478,261, 484,268, 572,194, 566,187
Line 323,350, 326,354, 359,326, 361,329, 319,364, 317,369, 318,373, 322,375, 328,374, 370,339, 372,342, 339,370, 342,374
Line 546,163, 551,169, 558,163, 554,158, 578,138, 578,122, 567,122
Line 566,187, 560,180, 567,174, 571,179, 601,154, 601,129, 649,129, 649,124, 789,124, 789,201, 784,201, 784,173, 779,173
Line 566,104, 649,104, 649,107, 806,107, 806,201, 812,201, 812,173, 818,173
Line 382,200, 382,136
Line 396,200, 396,178, 467,178, 467,200
Line 478,200, 478,134
Line 467,134, 467,160, 421,160, 421,145, 415,145, 415,128, 426,128, 426,122, 432,116, 432,110, 426,104, 426,91, 397,91, 397,104, 393,104, 393,128, 403,128, 403,145, 396,145
Line 396,158, 396,136
Spline 567,122, 555,113, 566,104
Line 792,290, 732,290, 732,292, 577,292, 534,328, 473,255
Line 456,269, 530,358, 586,311, 732,311, 732,313, 792,313
Line 137,450, 174,450
Line 174,462, 137,462
Dashed 257,434, 328,374
Dashed 319,364, 257,416, 266,426
Dashed 319,364, 328,374
Dashed 426,122, 567,122
Dashed 566,104, 426,104
Dashed 426,122, 426,104
Dashed 572,122, 572,104
Dashed 679,124, 679,107
Dashed 758,124, 758,107
Dashed 541,322, 554,338
Dashed 566,301, 579,317
Dashed 790,461, 807,461
Dashed 790,495, 807,495
Dashed 742,501, 742,513
Dashed 681,501, 681,513
Dashed 403,131, 415,131
Dashed 403,142, 415,142
Stairs 410,307, 428,292, 417,315
Stairs 456,269, 473,255, 463,278
Stairs 559,154, 576,174, 569,146
Stairs 396,200, 382,200, 396,178
Stairs 396,136, 382,136, 396,158
Stairs 467,134, 478,134, 467,160
Stairs 467,197, 478,197, 467,178
Stairs 462,572, 462,561, 477,572
Stairs 580,554, 589,554, 580,563
;Stairs 580,576, 589,576, 580,571
Stairs 629,662, 640,662, 629,668
Stairs 590,704, 590,692, 603,704
Stairs 614,680, 614,668, 625,680
Stairs 614,680, 603,680, 614,689

PenColor A0A0A0
Line 491,484, 491,500, 482,500, 482,484
Line 466,484, 466,500, 453,500
Line 507,484, 507,500, 529,500
Line 529,514, 453,514
Dashed 466,500, 466,514
Dashed 507,500, 507,514
PenColor 000000

BrushColor 047C54
Polygon 307,475, 307,484, 639,484, 639,475
Polygon 307,531, 307,540, 639,540, 639,531
Line 779,473, 785,473, 785,433, 790,433, 790,501, 676,501, 676,497, 610,497, 610,491, 639,491, 639,484
Line 818,473, 812,473, 812,433, 807,433, 807,513, 676,513, 676,518, 610,518, 610,524, 639,524, 639,531
Line 307,531, 307,524, 389,524, 389,518, 315,518, 308,511, 308,504, 315,497, 389,497, 389,491, 307,491, 307,484
Line 436,514, 453,514, 459,512, 461,507, 459,502, 453,500, 436,500
Line 546,514, 529,514, 524,511, 522,507, 524,503, 529,500, 546,500

Line 292,572, 282,572, 282,581, 477,581, 477,572, 462,572
Line 462,561, 490,561, 490,581, 565,581, 565,563, 580,563, 580,554
Line 589,554, 589,563, 604,563, 604,581, 614,581, 614,668, 629,668, 629,662
Line 640,662, 640,670, 629,697, 603,704, 590,704
Line 614,680, 625,680, 622,688, 614,689, 614,680
Line 590,692, 603,692, 603,593, 209,593, 209,610, 190,610, 173,668, 190,668
Line 580,576, 580,571, 576,571, 576,581, 593,581, 593,571, 589,571, 589,576

Line 190,680, 144,680
Line 144,668, 156,668, 174,603, 159,603
Line 159,580, 175,580, 175,510, 178,510, 178,498, 175,498
Line 175,484, 178,484, 178,473, 123,473, 123,465, 119,465, 119,482
Line 93,482, 93,439, 223,439, 223,416, 257,416
Line 292,561, 269,561, 269,581, 203,581, 203,511, 222,511, 222,529, 257,529, 257,518, 264,516, 268,511, 268,504, 264,499, 257,497, 257,434
Line 466,475, 474,461, 474,442, 477,442, 477,380, 447,344, 440,343, 410,307
Line 428,292, 458,328, 458,335, 497,382, 497,442, 500,442, 500,461, 507,475
Dashed 546,500, 546,514
Dashed 436,500, 436,514
Dashed 363,497, 363,518
Dashed 315,497, 255,497, 255,518, 315,518
Dashed 174,473, 174,439
Dashed 137,439, 137,473
Stairs 292,572, 292,561, 282,572
Stairs 159,580, 159,603, 171,580
Stairs 144,668, 144,680, 156,668
Stairs 190,668, 190,680, 179,668
Stairs 203,523, 175,523, 203,512
Dashed 466,484, 466,475
Dashed 482,484, 482,475
Dashed 491,484, 491,475
Dashed 507,484, 507,475

BrushColor 9CA4A4
Polygon 818,173, 828,173, 828,473, 818,473
Polygon 779,473, 769,473, 769,313, 779,313
Polygon 779,290, 769,290, 769,173, 779,173
Stairs 806,201, 789,201, 806,126
Stairs 792,290, 792,298, 779,290
Stairs 792,313, 792,305, 779,313

BrushColor 808080
Polygon 792,298, 792,305, 745,305, 745,298
Polygon 417,301, 421,298, 431,310, 427,313
Polygon 462,264, 466,261, 476,273, 472,276
Polygon 765,113, 765,118, 789,118, 789,113
Polygon 223,460, 223,499, 216,499, 216,492, 209,492, 209,470, 216,470, 216,460
Polygon 106,483, 106,464, 109,464, 109,483
Polygon 482,475, 487,465, 491,475

Arrow 422,507, 446,507
Arrow 537,507, 561,507
PenColor FF0000
Arrow 99,471, 99,496
Arrow 346,513, 323,513
Arrow 295,389, 277,404
Arrow 182,491, 173,491
PenColor 009900
Arrow 114,496, 114,471
Arrow 324,502, 346,502
Arrow 281,408, 299,393

