size 2100x860
;Angle -1  

Railway 6,9,4, 2178,425, 1650,425, 1
Railway 6,9,4, 2178,461, 1650,461, 1
Railway 6,9,4, 2178,447, 1650,447, 1
Railway 6,9,4, 1639,425, 1047,425, 1
Railway 6,9,4, 1639,447, 1047,447, 1
Railway 6,9,4, 1639,461, 1047,461, 1
Railway 6,9,4, 1036,425, 977,422, 903,414, 824,400, 716,375, 589,338, 409,285, 208,227, 15,172, -179,118, 1
Railway 6,9,4, 1036,447, 870,447, 684,450, 484,458, 311,470, 121,493, -39,523, -179,559, 1
Railway 6,9,4, 1036,461, 871,462, 686,465, 485,472, 312,485, 124,507, -36,537, -180,572, 1

PenColor C0C0C0
BrushColor C0C0C0
Polygon 511,446, 410,452, 313,459, 172,474, 170,465, 312,450, 409,442, 511,435, 638,430, 638,413, 782,410, 782,424, 995,424, 995,427, 981,427, 981,435, 995,435, 995,438, 784,438, 640,441, 
PenColor 0
Polygon 987,478, 987,466, 1036,466, 1036,478, 
Polygon 1047,466, 1047,478, 1102,478, 1102,486, 1115,486, 1115,478, 1319,478, 1319,482, 1397,482, 1397,478, 1567,478, 1567,486, 1585,486, 1585,478, 1639,478, 1639,466, 
Polygon 1650,466, 1650,478, 1808,478, 1808,466, 
Polygon 1957,401, 1957,415, 1650,415, 1650,401, 
Polygon 1639,415, 1639,401, 1584,401, 1584,393, 1567,393, 1567,401, 1476,401, 1476,387, 1333,387, 1333,401, 1088,401, 1088,404, 1103,404, 1103,412, 1088,412, 1088,415, 
Line 995,427, 995,424, 782,424, 782,410, 638,413, 638,430, 
Line 995,435, 995,438, 
Spline 638,430, 511,435, 409,442, 312,450, 170,465, 
Line 170,465, 172,474, 
Spline 173,474, 313,459, 410,452, 511,446, 640,441, 784,438, 995,438, 

PenColor 0
BrushColor 808080
Polygon 643,418, 643,436, 777,433, 777,415, 
Polygon 1338,408, 1338,392, 1471,392, 1471,408, 
Polygon 1319,498, 1319,482, 1397,482, 1397,498, 
Polygon 1476,266, 1535,266, 1535,294, 1476,294, 
Polygon 1603,353, 1603,378, 1658,378, 1658,353, 
Polygon -163,617, 4,573, 150,573, 150,847, 124,856, -163,855, 

Line 94,0, 71,175, 1
Line 81,0, 58,171, 1
Line 68,192, 58,277, 219,429, 220,437, 1
Line 55,189, 18,489, 21,498, 1
Line 33,495, 30,484, 33,452, 203,431, 208,434, 1
Line 36,442, 56,290, 194,422, 36,442, 1
Line 396,844, 1102,757, 1102,505, 1
Line 1115,505, 1115,520, 1302,707, 1302,496, 1
Line 1116,755, 1116,537, 1303,724, 1303,732, 1116,755, 1
Line 1315,499, 1315,729, 1498,713, 1400,501, 1
Line 1412,497, 1517,712, 1668,699, 1668,598, 1574,519, 1574,507, 1
Line 1585,507, 1685,507, 1685,500, 1
Line 1596,519, 1685,519, 1685,592, 1685,592, 1596,519, 1
Line 1697,500, 1697,592, 2037,592, 1967,470, 1967,465, 1
Line 1983,465, 1983,470, 2056,592, 2178,592, 1
Line 2178,614, 2064,614, 2082,709, 1
Line 2053,695, 2037,614, 1793,614, 1793,695, 2053,695, 1
Line 1967,437, 1967,429, 1
Line 1983,437, 1983,429, 1
Spline 1983,415, 1980,395, 1965,378, 1936,370, 1
Spline 1967,415, 1965,401, 1957,392, 1936,388, 1
Line 1936,370, 1708,352, 1745,157, 2178,157, 1
Line 1936,388, 1705,369, 1703,379, 1
Line 1685,379, 1683,373, 1677,369, 1657,369, 1
Line 1603,369, 1592,369, 1588,370, 1585,373, 1
Line 1572,377, 1572,353, 1538,298, 1
Line 1476,266, 1478,255, 1485,251, 1535,251, 1535,211, 1508,125, 674,14, 1
Line 1586,343, 1686,343, 1721,155, 1528,129, 1556,219, 1556,299, 1586,343, 1
Line 42,525, 48,545, 48,569, 1
Line 30,527, 36,545, 36,569, 1

Line 399,855, 1304,742, 1668,711, 1668,699, 
Line 1793,695, 1793,709, 2178,709, 
Line 2178,749, 2098,749, 2112,856, 
Line 2066,855, 2052,749, 1668,749, 1377,770, 1177,798, 1199,855, 
Line 1152,855, 1131,805, 683,855, 
Line 675,0, 1719,140, 2178,140, 
Line 2178,104, 1764,104, 1780,0, 
Line 1740,0, 1723,99, 1005,-1, 

BrushColor -1
PenColor FFFFFF
AngleTextOut 0, Arial, 20,1605,355, Кассы
AngleTextOut 0, Arial, 20,1333,481, Кассы
AngleTextOut 0, Arial, 20,1478,270, Туалет
PenColor 0
AngleTextOut 90, Arial, 30,82,832, Кунцевский рынок
AngleTextOut -7,Arial, 20,938,384, << Усово
AngleTextOut 5,Arial, 20,288,425, << Сетунь
AngleTextOut 0,Arial, 20,1844,470, Кунцево >>

PenColor 00AFAF
AngleTextOut 0,Arial, 25,1658,721, ул. Маршала Неделина
AngleTextOut 0,Arial, 25,1881,110, ул. Ивана Франко
AngleTextOut 0,Arial, 20,1785,25, ул. Леси Украинки
AngleTextOut 0,Arial, 25,1199,829, ул. Гришина

PenColor 0000FF
BrushColor 0000FF
Ellipse 1761,750, 1791,780, 
Ellipse 1630,683, 1660,713, 
Ellipse 1795,158, 1825,188, 
Ellipse 1511,41, 1541,71, 
BrushColor -1
AngleTextOut 0,Arial, 20,1690,783, "Авт. 104, 178, 255, 609"
AngleTextOut 0,Arial, 20,1569,661, "Авт. 16, 178"
AngleTextOut 0,Arial, 20,1784,188, "Авт. 127"
AngleTextOut 0,Arial, 20,1452,20, "Авт. 73, 127 757"

PenColor FFFFFF
AngleTextOut 0, Arial,30,1767,750, A, 1
AngleTextOut 0, Arial,30,1636,683, A, 1
AngleTextOut 0, Arial,30,1801,158, A, 1
AngleTextOut 0, Arial,30,1517,41, A, 1

PenColor 0
Line 211,459, 208,434, 
Line 222,458, 220,437, 
Stairs 209,438, 220,437, 211,459, 

Line 1102,505, 1102,486, 
Line 1115,505, 1115,486, 
Stairs 1102,486, 1115,486, 1102,505, 

Line 1302,496, 1302,478, 
Line 1314,496, 1314,478, 
Stairs 1302,496, 1314,496, 1302,478, 

Line 1402,497, 1402,478, 
Line 1412,497, 1412,478, 
Stairs 1402,497, 1412,497, 1402,478, 

Line 1574,507, 1574,486, 
Line 1585,507, 1585,486, 
Stairs 1574,507, 1585,507, 1574,486, 

Line 1685,500, 1685,478, 
Line 1697,500, 1697,478, 
Stairs 1697,500, 1685,500, 1697,478, 

Line 1686,383, 1686,401, 
Line 1697,383, 1697,401, 
Stairs 1686,383, 1697,383, 1686,401, 

Line 1572,377, 1572,393, 
Line 1584,377, 1584,393, 
Stairs 1572,377, 1584,377, 1572,393, 

Line 1584,393, 1650,393, 1650,486, 1585,486, 
Line 1584,401, 1639,401, 1639,478, 1585,478, 
Stairs 1584,401, 1584,393, 1599,401, 
Stairs 1606,401, 1606,393, 1620,401, 
Stairs 1626,401, 1626,393, 1639,401, 
Stairs 1585,486, 1585,478, 1599,486, 
Stairs 1606,486, 1606,478, 1620,486, 
Stairs 1627,478, 1627,486, 1639,478, 

Line 1103,404, 1036,404, 1036,427, 981,427, 
Line 981,435, 1036,435, 1036,486, 1102,486, 
Line 1103,412, 1047,412, 1047,478, 1102,478, 
Stairs 1103,412, 1103,404, 1088,412, 
Stairs 1081,412, 1081,404, 1067,412, 
Stairs 1061,412, 1061,404, 1047,412, 
Stairs 1102,478, 1102,486, 1088,478, 
Stairs 1081,478, 1081,486, 1067,478, 
Stairs 1061,478, 1061,486, 1047,478, 
Stairs 1036,427, 1036,435, 1023,427, 
Stairs 1016,427, 1016,435, 1003,427, 
Stairs 995,427, 995,435, 981,427, 
