size 512x507
Angle -50

PenColor 00AFAF
AngleTextOut 0,Arial,15,192,47, остановка на Видное
AngleTextOut 0,Arial,15,195,104, Донбасская улица
AngleTextOut 0,Arial,15,211,14, Москва-Дон

PenColor 0
Railway 6, 9, 4, 286,281, 69,281, 1
Railway 6, 9, 4, 516,281, 307,281, 1
Railway 6, 9, 4, 286,307, 69,307, 1
Railway 6, 9, 4, 516,307, 307,307, 1

PenColor b0b0b0
Railway 6, 9, 4, 286,204, 69,204, 1
Railway 6, 9, 4, 516,204, 307,204, 1

PenColor 0
PenColor b0b0b0
BrushColor b0b0b0

Polygon 106,186, 106,166, 286,166, 286,186, 
Polygon 307,186, 307,166, 496,166, 496,186, 
Polygon 286,316, 106,316, 106,346, 286,346, 
Polygon 307,316, 466,316, 466,346, 307,346, 
PenColor 0
Polygon 286,216, 157,216, 157,246, 106,246, 106,266, 286,266, 286,246, 256,246, 256,236, 286,236, 
Polygon 307,216, 416,216, 416,246, 466,246, 466,266, 307,266, 307,246, 336,246, 336,236, 307,236, 
Line 286,166, 247,166, 
Line 226,166, 106,166, 106,186, 286,186, 
Line 336,166, 307,166, 
Line 307,186, 496,186, 496,166, 446,166, 
Line 396,166, 346,166, 
Line 286,316, 106,316, 106,346, 246,346, 
Line 276,346, 286,346, 
Line 307,346, 346,346, 
Line 366,346, 395,346, 
Line 446,346, 466,346, 466,316, 307,316, 

BrushColor FFFFFF
Polygon 396,166, 396,180, 446,180, 446,166, 
Polygon 366,236, 366,256, 406,256, 406,236, 
Polygon 395,346, 395,326, 446,326, 446,346, 
Polygon 166,426, 226,426, 226,486, 166,486, 

Line 116,56, 127,46, 376,46, 386,56, 3

Line 316,136, 346,136, 346,166, 
Line 247,166, 247,156, 286,156, 286,146, 256,146, 
Line 366,366, 366,346, 346,346, 346,366, 
Line 246,346, 246,366, 276,366, 276,346, 
Line 336,236, 307,236, 307,246, 336,246, 
Line 256,236, 286,236, 286,246, 256,246, 


Line 307,156, 307,376, 
Line 286,376, 286,156, 
Line 307,156, 336,156, 336,166, 
Line 286,146, 336,146, 
Line 226,166, 226,136, 236,136, 236,86, 206,86, 206,66, 226,66, 
Line 276,136, 256,136, 256,86, 286,86, 286,66, 266,66, 
Line 216,76, 276,76, 

Stairs 276,236, 276,246, 286,236, 
Stairs 307,236, 307,246, 316,236, 
Stairs 286,376, 307,376, 286,356, 
Stairs 246,346, 276,346, 246,366, 
Stairs 346,366, 366,366, 346,346, 
Stairs 256,146, 256,156, 286,146, 
Stairs 256,136, 256,146, 276,136, 
Stairs 336,146, 336,156, 307,146, 
Stairs 336,136, 336,146, 316,136, 
Stairs 256,76, 256,86, 276,76, 
Stairs 236,86, 236,76, 216,86, 
Stairs 276,66, 276,76, 266,66, 
Stairs 216,66, 216,76, 226,66, 
Stairs 336,236, 336,246, 326,236, 
Stairs 256,236, 256,246, 266,236, 

;Dashed 353,425, 353,215, 
;Dashed 333,425, 333,215, 
;Dashed 204,421, 221,421, 223,215, 
;Dashed 223,195, 203,195, 204,395, 204,395, 

BrushColor -1

AngleTextOut 0,Arial,20,135,312, от Москвы >>
AngleTextOut 0,Arial,20,114,243, << к Москве
AngleTextOut 0,Arial,25,227,382, Расторгуево, 1

AngleTextOut 90,Arial,15,209,475, Кассы

PenColor FF0000
Line 262,136, 269,146, 
Line 269,136, 262,146, 
Line 323,136, 329,146, 
Line 329,136, 323,146, 

