Size 785x231
;Image Razdory.gif
;Angle -13
; платформа
BrushColor E0E0E0
PenColor E0E0E0
Polygon 32,156, 162,128, 280,107, 277,89, 290,87, 293,105, 372,93, 447,84, 445,67, 466,65, 468,82, 571,73, 570,53, 588,52, 589,72, 658,69, 658,91, 561,97, 472,105, 379,116, 283,130, 167,151, 37,179

PenColor 000000
Spline 32,156, 162,128, 280,107
Spline 293,105, 372,93, 447,84
Spline 468,82, 518,77, 571,73
Spline 589,72, 623,70, 658,69
Spline 37,179, 167,151, 283,130, 379,116, 472,105, 561,97, 658,91
Line 658,69, 658,91
Line 32,156, 37,179
Line 280,107, 277,89
Line 290,87, 293,105
Line 445,67, 447,84
Line 466,65, 468,82
Line 571,73, 570,53
Line 589,72, 588,52

; касса
PenColor 000000
BrushColor C0C0C0
Polygon 293,105, 288,78, 339,70, 343,97

; дорога
BrushColor A0A0A0
PenColor A0A0A0
Polygon 684,0, 740,0, 748,231, 692,231
PenColor 000000
Line 748,231, 740,0
Line 684,0, 692,231
Line 670,0, 678,231
Line 669,231, 662,42, 593,44, 589,47, 588,52
Line 661,0, 662,29, 584,32, 575,36, 571,43, 570,53
PenColor FFFFFF
Dashed 721,231, 712,0, 2

PenColor 000000
Stairs 280,107, 293,105, 277,89
Stairs 447,84, 468,82, 445,67
Stairs 571,73, 589,72, 570,53

PenColor 000000
Railway 6, 9, 3, 3,191, 191,151, 380,121, 556,102, 782,90

BrushColor -1
AngleTextOut 12, Arial, 20, 42, 189, << Барвиха, 1
AngleTextOut 3, Arial, 20, 525, 112, Ромашково >>, 1
AngleTextOut 12, Arial, 15, 294, 84, Кассы

