size 571x804
Angle -70

BrushColor -1
PenColor 046434
AngleTextOut 0,Arial,20,106,340, << тупик
AngleTextOut 0,Arial,20,303,555, Водный стадион >>
AngleTextOut 0,Arial,25,207,444, Речной вокзал, 1
PenColor 00AFAF
AngleTextOut 90,Arial,15,48,270, Фестивальная улица
AngleTextOut 90,Arial,15,447,312, Автобусы
AngleTextOut 90,Arial,15,499,291, Парк Дружбы
PenColor 0

BrushColor 046434
Polygon 84,367, 450,367, 450,406, 84,406, 
Polygon 84,506, 450,506, 450,543, 84,543, 

Line 476,368, 476,361, 639,361, 639,409, 646,409, 646,502, 638,502, 638,551, 476,551, 476,543, 
Line 59,367, 59,360, -105,360, -105,394, -87,394, -87,410, -120,410, -120,489, -100,489, -100,551, 58,551, 58,544, 
Line 476,403, 476,410, 555,410, 555,417, 507,417, 
Line 476,509, 476,501, 556,501, 556,494, 477,494, 
Line 477,471, 555,471, 
Line 450,506, 450,406, 
Line 450,416, 382,416, 382,430, 366,430, 366,415, 
Line 450,471, 414,471, 
Line 450,494, 382,494, 382,480, 366,480, 366,495, 
Line 84,506, 84,406, 
Line 84,417, 152,417, 152,431, 167,431, 167,417, 
Line 84,495, 152,495, 152,480, 167,480, 167,495, 
Line 84,472, 120,472, 
Line 59,509, 59,500, -20,500, -20,495, 59,495, 
Line 59,471, -20,471, 
Line 28,416, -20,416, -20,412, 59,412, 59,406, 
Dashed 424,471, 424,416, 
Dashed 109,472, 109,417, 
Dashed 555,471, 555,417, 
Dashed -20,471, -20,416, 
Spline 507,471, 498,444, 507,417, 
Spline 28,416, 37,444, 28,471, 
Stairs 477,471, 477,494, 555,471, 
Stairs -20,471, -20,495, 59,471, 

PenColor FF0000
Arrow 23,388, 49,388, 
Arrow -23,443, -51,443, 
Arrow 514,389, 487,389, 
Arrow 558,443, 587,443, 
PenColor 009900
Arrow -51,483, -24,483, 
Arrow 54,526, 25,526, 
Arrow 587,483, 559,483, 
Arrow 482,526, 511,526, 

