size 664x615

PenColor 76C4F5
Spline 8,93, 22,90, 40,82, 69,68, 94,68, 114,90, 109,128, 94,176, 66,223, 44,253, 22,284, 20,314, 37,358, 72,382, 118,387, 162,377, 194,359, 220,328, 238,296, 256,262, 280,236, 28
Spline 277,238, 312,214, 354,185, 400,170, 443,173, 480,198, 496,248, 500,268, 512,286, 535,296, 547,307, 20
Spline 276,240, 286,208, 301,178, 337,150, 380,138, 422,138, 457,145, 488,162, 512,199, 524,240, 534,272, 548,319, 534,346, 518,358, 511,372, 508,396, 501,416, 484,430, 458,436, 434,436, 410,462, 410,481, 411,510, 416,526, 434,539, 460,538, 478,524, 498,509, 522,487, 24
Spline 450,539, 488,536, 531,531, 570,521, 602,510, 598,487, 560,468, 24
Spline 567,520, 600,510, 625,521, 626,554, 620,570, 622,584, 626,594, 623,596, 613,590, 588,588, 560,593, 535,602, 530,608, 25

PenColor 040464
AngleTextOut 0,Arial,10,181,450, Примечания:
AngleTextOut 0,Arial,10,181,470, "1. Время ожидания"
AngleTextOut 0,Arial,10,181,480, принимается за 15 минут
AngleTextOut 0,Arial,10,181,500, "2. У автора нет данных о"
AngleTextOut 0,Arial,10,181,510, времени движения между остановками
AngleTextOut 0,Arial,10,181,530, Если у Вас есть эта информация -
AngleTextOut 0,Arial,10,181,540, пришлите ее автору.

BrushColor -1
PenColor 040464
AngleTextOut 0,Arial,30,89,2, Схема движения речных трамваев, 1
