size 550x440
;Image Reutovo.gif,0,0, 
Angle 25

Railway 6, 9, 4, 480,200, 33,200, 1
Railway 6, 9, 4, 480,216, 33,216, 1

PenColor b0b0b0
Railway 6, 9, 4, 480,120, 34,120, 1
Railway 6, 9, 4, 480,135, 34,135, 1

PenColor 0
BrushColor b0b0b0
Polygon 74,65, 383,65, 383,85, 433,85, 433,105, 74,105, 
Polygon 73,145, 73,185, 433,185, 433,145, 
Polygon 74,265, 74,225, 433,225, 433,265, 
BrushColor FFFFFF
Polygon 233,155, 233,175, 283,175, 283,155, 
Polygon 363,245, 363,225, 413,225, 413,245, 

Line 313,41, 313,55, 333,55, 333,41, 
Line 349,65, 349,50, 377,50, 377,65, 433,65, 433,85, 
Line 203,55, 218,55, 218,35, 203,35, 
Line 333,280, 333,265, 313,265, 313,280, 
Line 184,261, 169,261, 169,235, 184,235, 
Line 115,265, 115,280, 142,280, 142,265, 
Line 333,156, 350,156, 350,175, 333,175, 
Line 313,155, 296,155, 296,175, 313,175, 
Line 202,155, 219,155, 219,175, 202,175, 
Line 184,155, 169,155, 169,175, 184,175, 

Stairs 349,65, 377,65, 349,50, 
Stairs 313,55, 333,55, 313,41, 
Stairs 218,35, 218,55, 203,35, 
Stairs 350,156, 350,175, 333,156, 
Stairs 296,155, 296,175, 313,155, 
Stairs 219,155, 219,175, 202,155, 
Stairs 169,155, 169,175, 184,155, 
Stairs 313,265, 333,265, 313,280, 
Stairs 169,261, 169,235, 184,261, 
Stairs 115,280, 142,280, 115,265, 

Dashed 333,265, 333,55, 
Dashed 313,265, 313,55, 
Dashed 184,261, 201,261, 203,55, 
Dashed 203,35, 183,35, 184,235, 184,235, 

BrushColor -1

AngleTextOut 0,Arial,20,442,220, от Москвы >>
AngleTextOut 0,Arial,20,35,164, << к Москве
AngleTextOut 0,Arial,25,212,227, Реутово, 1

AngleTextOut 0,Arial,15,369,228, Кассы
AngleTextOut 0,Arial,15,239,158, Кассы
AngleTextOut 0,Arial,15,390,68, Кассы

PenColor 00AFAF
AngleTextOut 0,Arial,15,225,18, улица Дзержинского
AngleTextOut 0,Arial,15,160,333, улица Октября
AngleTextOut -90,Arial,15,278,353, улица Южная

BrushColor FF70FF

