Size 1100x1230
Angle 15

BrushColor FCDC04
Polygon 573,530, 981,530, 981,564, 573,564
Polygon 573,627, 710,627, 710,661, 573,661
Polygon 733,627, 744,627, 744,661, 733,661
Polygon 768,627, 779,627, 779,661, 768,661
Polygon 802,627, 981,627, 981,661, 802,661
Line 787,743, 780,743, 780,780, 776,780, 776,738, 782,738, 782,708, 802,666, 802,607
Line 724,743, 730,743, 730,780, 734,780, 734,738, 727,738, 727,708, 710,666, 710,607
Line 733,607, 733,666, 738,679, 744,679, 744,607
Line 768,607, 768,679, 774,679, 779,666, 779,607
Dashed 520,583, 656,583, 656,608, 520,608, 520,583
Line 981,564, 981,572
Line 981,619, 981,627
Line 573,564, 573,572
Line 573,619, 573,627
Stairs 710,612, 733,612, 710,630
Stairs 744,612, 768,612, 744,630
Stairs 779,612, 802,612, 779,630

BrushColor 7CBC54
Polygon 690,743, 724,743, 724,1002, 690,1002
Polygon 690,1030, 724,1030, 724,1087, 690,1087
Polygon 787,743, 821,743, 821,1087, 787,1087
Dashed 739,778, 770,778, 771,710, 739,710, 739,778
Line 594,1008, 588,993, 578,993, 578,959, 554,959, 554,937, 405,937, 405,1063, 362,1063, 362,843, 426,843
Line 425,820, 362,820, 362,661, 487,661
Line 594,1022, 589,1035, 579,1035, 579,1063, 554,1063, 554,1086, 339,1086, 339,843, -38,742
Line 141,643, 43,741, 338,820, 338,514, 367,485
Line 125,628, 19,734, -33,720
Line 380,498, 360,518, 360,530, 487,530
Line 547,552, 547,583
Line 547,608, 547,638
Line 732,1030, 678,1030, 678,1024, 671,1024, 671,1035, 659,1035, 649,1015, 657,993, 671,993, 671,1006, 678,1006, 678,1002, 731,1002
Line 724,1087, 737,1087
Line 778,1087, 787,1087
Dashed 564,993, 666,993, 666,1035, 564,1035, 564,993
Stairs 773,960, 736,960, 773,972
Stairs 736,985, 773,985, 736,997
Stairs 461,1086, 461,937, 449,1086
Stairs 380,1086, 380,1063, 368,1086
Stairs 362,1042, 339,1042, 362,1021
Stairs -33,743, -27,722, -11,749
Stairs 110,643, 125,659, 123,630
Stairs 398,843, 398,820, 423,843
Stairs 364,514, 351,501, 377,501
Stairs 368,530, 368,661, 380,530

PenColor C4C4C4
BrushColor C4C4C4
Polygon 513,-8, 583,51, 640,100, 696,149, 749,199, 803,251, 858,306, 904,354, 956,410, 1014,475, 1073,545, 1051,564, 1002,506, 959,457, 871,363, 837,328, 783,273, 731,223, 677,172, 622,123, 567,75, 495,14
BrushColor FFFFFF
PenColor FFFFFF
Polygon 873,352, 881,344, 937,400, 919,417, 909,406, 918,397

PenColor 000000
Spline 513,-8, 583,51, 640,100, 696,149, 749,199, 803,251, 858,306, 904,354, 956,410, 1014,475, 1073,545
Spline 1051,564, 1002,506, 959,457, 920,416
Spline 910,405, 871,363, 837,328, 783,273, 731,223, 677,172, 622,123, 567,75, 495,14
Line 1073,545, 1051,564
Line 513,-8, 495,14

Railway 10, 15, 7, 524,-20, 815,240, 1085,533
Railway 10, 15, 7, 491,20, 701,204, 905,409
Railway 10, 15, 7, 915,420, 981,492, 1045,568
Line 881,344, 937,400, 855,482, 814,441, 801,454, 774,427, 783,418
Line 790,411, 797,404
Line 873,352, 918,397, 854,461, 824,431, 840,415, 813,388, 804,397
Stairs 913,392, 921,384, 878,357
Stairs 845,452, 835,462, 828,435

BrushColor C4C4C4
Polygon 981,619, 864,619, 864,607, 874,607, 874,584, 864,584, 864,572, 981,572
Polygon 573,610, 573,619, 664,619, 664,610
Polygon 573,572, 573,581, 664,581, 664,572
Polygon 547,661, 547,638, 498,638, 487,651, 487,661
Polygon 547,530, 547,552, 500,552, 487,539, 487,530
Polygon 404,561, 404,630, 425,630, 425,561
Polygon 476,968, 497,968, 497,980, 476,980
Polygon 476,1043, 497,1043, 497,1054, 476,1054
Polygon 778,1087, 778,955, 773,955, 773,1030, 732,1030, 732,1036, 737,1037, 737,1087
Polygon 736,1002, 736,955, 731,955, 731,1002
Polygon 685,1013, 685,1018, 736,1018, 736,1013

Arrow 721,638, 721,665
Arrow 790,665, 790,638
Arrow 763,802, 763,765
Arrow 746,765, 746,802
PenColor FF0000
Arrow 514,601, 495,601
Arrow 429,640, 400,640
Arrow 637,1004, 607,1004
Arrow 499,954, 469,954
PenColor 009900
Arrow 495,590, 514,590
Arrow 402,546, 431,546
Arrow 609,1027, 640,1027
Arrow 471,1065, 501,1065

BrushColor -1
PenColor 000000
AngleTextOut 0, Arial, 15, 588, 510, << Марксистская
AngleTextOut 0, Arial, 15, 829, 664, Авиамоторная >>
AngleTextOut 0, Arial, 20, 678, 579, Площадь Ильича, 1
PenColor FCDC04
AngleTextOut 0, Arial, 15, 586, 509, << Марксистская
AngleTextOut 0, Arial, 15, 827, 663, Авиамоторная >>
AngleTextOut 0, Arial, 20, 676, 578, Площадь Ильича, 1
PenColor 5C9F2E
AngleTextOut -90, Arial, 20, 767, 825, Римская, 1
AngleTextOut -90, Arial, 15, 839, 746, << Чкаловская
AngleTextOut -90, Arial, 15, 690, 818, Крестьянская застава >>
PenColor 000000
AngleTextOut -45, Arial, 20, 756, 208, Серп и Молот, 1
AngleTextOut -40, Arial, 15, 520, -3, << Москва Курская
AngleTextOut -50, Arial, 15, 999, 475, Карачарово >>
PenColor 00AFAF
AngleTextOut 0, Arial, 15, 446, 746, бульвар  Энтузиастов
AngleTextOut 0, Arial, 15, 946, 746, шоссе Энтузиастов
AngleTextOut 45, Arial, 15, 269, 541, улица Золоторожский Вал
AngleTextOut -70, Arial, 15, 551, 1159, Рабочая улица
AngleTextOut -40, Arial, 15, 606, 1147, Международная улица
AngleTextOut -40, Arial, 15, 348, -64, 'платформа "Серп и Молот"'
AngleTextOut -15, Arial, 15, 137, 708, площадь Рогожская Застава
Arrow 387,478, 626,240, 778,392
PenColor 000000

