size 625x880
Angle 90

BrushColor -1
PenColor F7782E
AngleTextOut 0,Arial,20,591,649, Алексеевская >>
AngleTextOut 0,Arial,20,290,484, << Проспект Мира
AngleTextOut 0,Arial,25,464,563, Рижская, 1
PenColor 00AFAF
AngleTextOut -90,Arial,15,-68,148, << Рижский вокзал
AngleTextOut 0,Arial,15,-54,286, проспект Мира
AngleTextOut -90,Arial,15,-107,464, улица Сущёвский Вал
PenColor 0

BrushColor FC9C54
Polygon 281,509, 733,509, 733,529, 281,529, 
Polygon 281,627, 733,627, 733,647, 281,647, 

BrushColor 808080
Polygon 281,535, 308,535, 308,543, 290,543, 290,550, 281,550, 
Polygon 281,606, 290,606, 290,622, 281,622, 
Polygon 322,550, 396,550, 396,560, 322,560, 
Polygon 322,596, 396,596, 396,606, 322,606, 
Polygon 733,535, 724,535, 724,550, 663,550, 663,606, 708,606, 708,616, 724,616, 724,621, 733,621, 
Line 733,535, 733,529, 
Line 733,621, 733,627, 
Line 281,622, 281,627, 
Line 281,535, 281,529, 
Line 290,550, 322,550, 
Line 322,606, 290,606, 
Line 207,560, 170,560, 
Line 207,596, 170,596, 
Line 44,650, 30,665, 
Line 50,681, -2,733, 
Line -78,592, -78,551, -87,551, 
Line -87,486, -17,486, -17,552, -28,552, -28,590, -6,590, 
Line 20,614, 5,629, 
Line 107,477, 107,457, 81,460, 81,386, 
Line 231,430, 263,461, 270,454, 
Line 220,504, 227,497, 200,470, 186,485, 
Line 149,464, 149,486, 
Dashed 322,560, 207,560, 
Dashed 322,596, 207,596, 
Dashed 350,560, 350,596, 
Spline 322,596, 312,578, 322,560, 
Spline 207,596, 218,578, 207,560, 
Spline 231,430, 167,393, 81,386, 
Spline 186,485, 169,472, 149,464, 
Spline 149,486, 191,518, 207,560, 
Spline 207,596, 175,653, 114,676, 44,651, 
Spline 20,614, 12,568, 30,519, 65,489, 107,477, 
Spline 30,665, 40,674, 50,681, 
Spline 5,629, -3,611, -6,590, 
Spline -2,733, -47,687, -71,639, -78,592, 

PenColor FF0000
Arrow 165,590, 137,590, 
Arrow 49,614, 9,654, 
Arrow -51,595, -51,539, 
PenColor 009900
Arrow 137,566, 165,566, 
Arrow 128,451, 128,509, 
Arrow 249,487, 211,449, 

