size 571x801
Angle 60

BrushColor -1
PenColor AC24AC
AngleTextOut 0,Arial,20,127,297, << Кузьминки
AngleTextOut 0,Arial,20,370,487, Выхино >>
AngleTextOut 0,Arial,25,196,389, Рязанский проспект, 1
PenColor 00AFAF
AngleTextOut -80,Arial,15,335,523, Рязанский проспект
AngleTextOut 20,Arial,15,458,566, улица Вострухина
AngleTextOut 20,Arial,15,77,709, улица Скрябина
PenColor 0

BrushColor AC24AC
Polygon 114,322, 457,322, 457,357, 114,357, 
Polygon 114,448, 457,448, 457,482, 114,482, 

BrushColor 808080
Polygon 457,322, 463,322, 463,370, 457,370, 
Polygon 457,482, 463,482, 463,434, 457,434, 
Polygon 114,322, 108,322, 108,370, 114,370, 
Polygon 114,482, 108,482, 108,434, 114,434, 
Polygon 497,439, 576,439, 576,444, 524,444, 524,447, 497,447, 
Polygon 497,364, 497,356, 524,356, 524,359, 575,359, 575,364, 
Polygon 73,364, 73,356, 46,356, 46,359, -5,359, -5,364, 
Polygon 73,439, 73,447, 46,447, 46,444, -5,444, -5,439, 
Line 497,364, 463,364, 
Line 497,439, 463,439, 
Line 73,364, 108,364, 
Line 73,439, 108,439, 
Line 576,402, 470,402, 
Line 101,402, -5,402, 
Line 497,489, 497,480, 679,480, 679,462, 661,462, 661,339, 679,339, 679,321, 497,321, 497,313, 
Line 73,489, 73,480, -108,480, -108,462, -90,462, -90,339, -108,339, -108,321, 74,321, 74,313, 
Dashed 470,402, 470,439, 
Dashed 576,402, 576,439, 
Dashed 101,402, 101,439, 
Dashed -5,402, -5,439, 
Stairs 473,364, 473,402, 497,364, 
Stairs 511,364, 511,402, 536,364, 
Stairs 548,364, 548,402, 573,364, 
Stairs -2,364, -2,402, 23,364, 
Stairs 35,364, 35,402, 60,364, 
Stairs 73,364, 73,402, 98,364, 

PenColor FF0000
Arrow 452,413, 493,413, 
Arrow 530,462, 487,462, 
Arrow 120,412, 85,412, 
Arrow 43,462, 84,462, 
PenColor 009900
Arrow 579,384, 539,384, 
Arrow 496,336, 537,336, 
Arrow -8,384, 32,384, 
Arrow 74,336, 29,336, 

