Size 1144x1069
Angle 10

BrushColor -1
PenColor 4C4C4C
AngleTextOut -90, Arial, 20, 357, 603, << Дмитровская
AngleTextOut -90, Arial, 20, 168, 828, Менделеевская >>
AngleTextOut -90, Arial, 25, 264, 782, Савеловская, 1
PenColor 00AFAF
AngleTextOut -90, Arial, 15, 19, 543, Бутырская улица
AngleTextOut 0, Arial, 15, 258, 302, Савёловский вокзал
AngleTextOut -30, Arial, 15, 1039, 535, ТК Савёловский
AngleTextOut -10, Arial, 15, 843, 750, Сущёвский Вал
AngleTextOut 60, Arial, 15, 832, 443, 'ТК "Динамо" >>'
AngleTextOut 60, Arial, 15, 818, 434, 'Компьютерный гипермаркет "Sunrise" >>'
PenColor 000000
AngleTextOut 60, Arial, 15, 1063, 238, Станколит >>
AngleTextOut 60, Arial, 15, 668, 680, << Москва-Смоленская
AngleTextOut 60, Arial, 15, 682, 688, (Белорусский вокзал)
AngleTextOut -90, Arial, 15, 675, 279, Москва-Смоленская >>
AngleTextOut -90, Arial, 15, 661, 279, (Белорусский вокзал)
AngleTextOut -90, Arial, 15, 668, 26, << Тимирязевская
AngleTextOut -90, Arial, 15, 598, 26, << Тимирязевская
AngleTextOut -90, Arial, 15, 358, 26, << Экспрессы до Лобни
AngleTextOut -90, Arial, 15, 506, 294, кассы

BrushColor 9CA4A4
Polygon 171,983, 171,593, 197,593, 197,983
Polygon 304,983, 304,593, 330,593, 330,983

PenColor E0E0E0
BrushColor E0E0E0
Polygon 363,283, 363,230, 383,210, 383,155, 396,155, 403,148, 412,148, 412,193, 454,193, 454,155, 465,155, 472,148, 481,148, 481,193, 575,193, 575,155, 585,155, 592,148, 602,148, 602,193, 645,193, 645,155, 655,155, 662,148, 672,148, 672,235, 652,255, 652,272, 619,272, 619,283
PenColor 000000
Stairs 341,368, 395,368, 341,351
Line 363,283, 363,230, 383,210, 383,155, 396,155, 403,148, 412,148, 412,193, 454,193, 454,155, 465,155, 472,148, 481,148, 481,193, 575,193, 575,155, 585,155, 592,148, 602,148, 602,193, 645,193, 645,155, 655,155, 662,148, 672,148, 672,235, 652,255, 652,272, 619,272, 619,283, 598,283
Line 578,283, 555,283, 555,295, 511,295, 511,283, 467,283
Line 444,283, 242,283, 242,340, 356,340
Line 384,340, 511,340, 511,295
Dashed 486,340, 486,283
Line 555,295, 555,308, 578,308
Line 598,308, 619,308, 619,283
Line 341,340, 341,368, 395,368, 395,340
Line 401,340, 401,318, 424,318
Polygon 721,713, 747,728, 1093,130, 1068,115
BrushColor FFFFFF
Polygon 892,429, 970,294, 987,304, 909,439
PenColor 010000
BrushColor -1
AngleTextOut 60, Arial, 15, 979, 277, 'платформа "Савёловская"'
AngleTextOut 60, Arial, 20, 912, 389, Кассы
Line 1049,108, 704,704
Line 1058,113, 712,709
Stairs 1043,114, 1055,121, 704,699
Line 1101,138, 755,735
Line 1109,143, 764,740
Stairs 1096,142, 1108,149, 755,730
Line 688,44, 688,298
Line 678,44, 678,298
Stairs 676,46, 690,46, 676,296

Line 638,44, 638,184
Line 628,44, 628,184
Stairs 640,182, 626,182, 640,46

Line 618,44, 618,184
Line 608,44, 608,184
Stairs 620,182, 606,182, 620,46

Line 568,44, 568,184
Line 558,44, 558,184
Stairs 570,182, 556,182, 570,46

Line 548,44, 548,184
Line 538,44, 538,184
Stairs 550,182, 536,182, 550,46

Line 518,44, 518,184
Line 508,44, 508,184
Stairs 520,182, 506,182, 520,46

Line 498,44, 498,184
Line 488,44, 488,184
Stairs 500,182, 486,182, 500,46

Line 448,44, 448,184
Line 438,44, 438,184
Stairs 450,182, 436,182, 450,46

Line 428,44, 428,184
Line 418,44, 418,184
Stairs 430,182, 416,182, 430,46

Line 378,44, 378,184
Line 368,44, 368,184
Stairs 380,182, 366,182, 380,46

BrushColor 808080
Polygon 219,983, 219,939, 226,939, 226,951, 274,951, 274,939, 282,939, 282,983
Polygon 216,593, 216,757, 229,757, 229,717, 225,717, 225,593
Polygon 276,593, 276,717, 272,717, 272,757, 285,757, 285,593
Polygon 172,566, 172,528, 203,528, 203,566
Polygon 300,566, 300,528, 331,528, 331,566
Polygon 203,488, 203,467, 215,467, 215,488
Polygon 288,488, 288,467, 300,467, 300,488
Line 937,688, 895,664, 965,543
Line 947,533, 913,592, 843,552, 877,494
Line 859,484, 825,541, 800,527, 834,468

Line 331,528, 331,494, 325,494, 325,468, 331,468, 331,445, 626,445, 905,606, 866,672, 926,706
Line 816,457, 782,516, 631,429, 574,429, 574,375

Line 553,375, 553,421, 331,421, 331,406, 172,406, 172,423, 108,423, 108,375
Line 87,375, 87,445, 172,445, 172,469, 177,469, 177,494, 172,494, 172,528
Line 215,476, 288,476
Line 203,566, 226,566, 225,593
Line 300,566, 277,566, 276,593
Line 285,593, 304,593
Line 197,593, 216,593
Line 197,983, 219,983
Line 282,983, 304,983
Dashed 226,566, 226,558, 277,558, 277,566
Dashed 225,681, 276,681
Spline 225,671, 251,663, 276,671
Spline 226,579, 252,587, 277,579
Stairs 87,403, 108,403, 87,381
Stairs 172,458, 331,458, 172,445
Stairs 553,403, 574,403, 553,381
Stairs 583,445, 583,429, 574,445
Stairs 790,502, 808,513, 810,467
Stairs 834,528, 851,538, 855,492
Stairs 921,578, 939,588, 941,542
Stairs 898,618, 916,628, 877,653
Stairs 891,684, 900,668, 926,705

PenColor FF0000
Arrow 259,638, 259,603
Arrow 312,491, 312,464
Arrow 588,270, 588,288
Arrow 588,303, 588,323
PenColor 009900
Arrow 240,610, 240,644
Arrow 188,465, 188,493
Arrow 371,347, 371,326
Arrow 389,303, 420,303
Arrow 456,293, 456,271

