size 500x1020
Angle 90

BrushColor -1
AngleTextOut -90,Arial,15,550,418, кассы
PenColor 34349C
AngleTextOut 0,Arial,20,72,342, << Первомайская
AngleTextOut 0,Arial,20,346,515, тупик >>
AngleTextOut 0,Arial,25,158,425, Щелковская, 1
PenColor 00AFAF
AngleTextOut -90,Arial,15,730,600, Центральный автовокзал
AngleTextOut -90,Arial,15,478,633, Щелковское шоссе
AngleTextOut 0,Arial,15,-235,437, 9-я Парковая улица
AngleTextOut 0,Arial,15,636,433, Уральская улица
AngleTextOut -90,Arial,15,-230,550, Кинотеатр "София"
AngleTextOut -90,Arial,15,-210,550, Универмаг Первомайский
PenColor 0

BrushColor 34349C
Polygon 79,398, 79,365, 397,365, 397,398, 
Polygon 79,509, 79,479, 397,479, 397,509, 

BrushColor 808080
Polygon 397,365, 397,406, 449,406, 449,365, 
Polygon 79,365, 79,404, 22,404, 22,365, 
Polygon 79,509, 79,469, 22,469, 22,509, 
Polygon 397,509, 397,469, 449,469, 449,509, 
Polygon -60,396, -40,396, -40,480, -60,480, 
Line 316,292, 430,292, 430,280, 540,280, 540,292, 656,292, 
Line 316,327, 438,327, 452,341, 452,365, 449,365, 
Line 449,509, 451,509, 451,533, 437,547, 316,547, 
Line 316,582, 430,582, 430,594, 540,594, 540,582, 656,582, 
Line 656,547, 533,547, 519,533, 519,468, 530,468, 530,407, 519,407, 519,342, 534,327, 655,327, 
Line 22,507, -61,507, -61,570, -165,570, 
Line -165,534, -103,534, -103,340, -165,340, 
Line -165,304, -61,304, -61,367, 22,367, 
Stairs -165,340, -165,304, -103,340, 
Stairs -165,534, -165,570, -103,534, 
Stairs 316,547, 316,582, 346,547, 
Stairs 364,547, 364,582, 389,547, 
Stairs 590,547, 590,582, 615,547, 
Stairs 627,547, 627,582, 652,547, 
Stairs 22,404, 22,469, 46,404, 
Stairs 58,404, 58,469, 82,404, 
Stairs 394,406, 394,469, 415,406, 
Stairs 427,406, 427,469, 449,406, 
Stairs 321,292, 321,327, 346,292, 
Stairs 364,292, 364,327, 390,292, 
Stairs 590,292, 590,327, 615,292, 
Stairs 627,292, 627,327, 652,292, 

PenColor FF0000
Arrow 470,379, 470,322, 
Arrow 409,452, 460,452, 
Arrow 470,495, 470,551, 
Arrow 61,448, 11,448, 
Arrow -38,491, -66,491, 

PenColor 009900
Arrow 501,322, 501,379, 
Arrow 429,420, 388,420, 
Arrow 501,551, 501,495, 
Arrow 41,426, 93,426, 
Arrow -65,380, -35,380, 

