size 1140x630
Angle 10

BrushColor -1
PenColor 34349C
AngleTextOut 0,Arial,20,285,94, << Электрозаводская
AngleTextOut 0,Arial,20,952,386, Партизанская >>
AngleTextOut 0,Arial,25,598,236, Семеновская, 1
PenColor 00AFAF
AngleTextOut -90,Arial,15,39,206, улица Измайловский Вал
AngleTextOut 0,Arial,15,85,503, Семеновская площадь
AngleTextOut 0,Arial,15,101,447, Щербаковская улица
PenColor 0

BrushColor 34349C
Polygon 274,150, 274,120, 1105,120, 1105,149, 
Polygon 274,381, 274,352, 1105,352, 1105,381, 

BrushColor 808080
Polygon 1105,321, 909,321, 909,273, 918,273, 918,226, 909,226, 909,180, 1105,180, 
Polygon 274,180, 466,180, 466,227, 426,227, 426,221, 274,221, 
Polygon 274,321, 274,280, 426,280, 426,274, 466,274, 466,321, 
Line 274,180, 274,150, 
Line 274,321, 274,352, 
Line 1105,149, 1105,180, 
Line 1105,321, 1105,352, 
Line 207,221, 207,200, 84,200, 84,210, 100,210, 100,226, 78,226, 
Line 78,279, 100,279, 100,295, 84,295, 84,305, 128,305, 128,310, 84,310, 84,375, 128,375, 128,414, 
Line 165,414, 165,375, 207,375, 207,310, 165,310, 165,305, 207,305, 207,280, 
Dashed 402,221, 402,281, 
Dashed 274,280, 185,280, 185,221, 274,221, 
Spline 343,280, 307,250, 343,221, 
Spline 207,221, 236,249, 207,280, 

PenColor FF0000
Arrow 382,240, 342,240, 
Arrow 113,253, 72,253, 
PenColor 009900
Arrow 342,262, 382,262, 
Arrow 147,420, 147,368, 

