Size 465x880

BrushColor -1
TextOut Arial, 16, 52, 62, касса
PenColor 4C4C4C
AngleTextOut 90, Arial, 15, 339, 349, Полянка >>
AngleTextOut 90, Arial, 15, 209, 605, << Тульская
AngleTextOut 90, Arial, 25, 267, 544, Серпуховская, 1
PenColor 543C04
AngleTextOut 0, Arial, 15, 165, 58, << Октябрьская
AngleTextOut 0, Arial, 15, 334, 200, Павелецкая >>
AngleTextOut 0, Arial, 25, 208, 125, Добрынинская, 1
PenColor 00AFAF
AngleTextOut 90, Arial, 15, 83, 825, Большая Серпуховская улица
AngleTextOut 80, Arial, 15, 142, 368, Люсиновская улица
AngleTextOut 0, Arial, 15, 252, 854, Стремянный переулок
AngleTextOut 0, Arial, 15, 52, 20, улица Коровий Вал
PenColor 000000

BrushColor 9B5509
Polygon 163,92, 163,76, 419,76, 419,92
Polygon 419,182, 419,199, 318,199, 318,182
Polygon 304,182, 304,199, 289,199, 289,182
Polygon 276,182, 276,199, 262,199, 262,182
Polygon 248,182, 248,199, 162,199, 162,182
Line 155,219, 136,219, 136,204, 120,204, 120,219, 20,219, 20,68, 47,68, 47,78, 90,78, 90,68, 119,68, 119,77, 143,77
Line 114,152, 106,156, 60,156, 60,152, 105,152, 113,148, 118,140, 118,133, 113,126, 105,121, 60,121, 60,117, 107,117, 114,122
Line 162,182, 162,165, 216,165, 216,152, 181,152, 173,142, 173,132, 181,122, 216,122, 216,108, 163,108, 163,92
Dashed 114,152, 181,152
Dashed 114,122, 181,122
Dashed 198,152, 198,122
Dashed 60,152, 60,121
Line 419,182, 419,92
Line 306,319, 306,252, 318,219, 318,153
Line 304,153, 304,212, 289,252, 289,153, 304,153
Line 276,153, 276,252, 262,212, 262,153, 276,153
Line 248,153, 248,219, 259,252, 259,319

BrushColor 848484
Polygon 319,274, 336,274, 336,606, 319,606
Polygon 228,274, 245,274, 245,606, 228,606
Dashed 265,380, 300,380
Dashed 264,319, 301,319

BrushColor C4C4C4
Polygon 419,166, 365,166, 365,153, 374,153, 374,123, 364,123, 364,109, 419,109
Polygon 306,319, 306,437, 297,437, 297,431, 301,431, 301,319
Polygon 259,319, 259,437, 268,437, 268,431, 264,431, 264,319
Polygon 306,606, 306,508, 298,508, 298,606
Polygon 266,606, 266,508, 259,508, 259,606
Polygon 236,740, 236,725, 241,725, 241,730, 322,730, 322,725, 327,725, 327,740, 322,740, 322,735, 241,735, 241,740
Line 159,702, 159,745, 205,745, 205,663, 266,663, 266,644, 276,636, 288,636, 298,644, 298,663, 358,663, 358,745, 445,745
Line 445,794, 326,794, 326,810, 239,810, 239,794, 109,794, 109,702
Dashed 266,650, 298,650
Dashed 266,644, 266,606
Dashed 298,606, 298,644
Dashed 266,550, 298,550

Stairs 440,794, 440,745, 366,794
Stairs 198,794, 198,745, 167,794
Stairs 109,738, 159,738, 109,707

Stairs 304,190, 318,190, 304,153
Stairs 289,190, 276,190, 289,153
Stairs 248,190, 262,190, 248,153

Arrow 255,165, 255,203
Arrow 311,195, 311,165
PenColor FF0000
Arrow 347,720, 347,748
Arrow 114,191, 139,191
Arrow 115,166, 140,166
Arrow 56,147, 31,147
Arrow 290,653, 290,672
PenColor 009900
Arrow 220,744, 220,719
Arrow 31,128, 57,128
Arrow 144,114, 116,114
Arrow 144,90, 116,90
Arrow 274,672, 274,653

;PenColor FF4040
;BrushColor -1
;Dashed 10,55, 158,55, 158,230, 10,230, 10,55
;AngleTextOut 0, Arial, 15, 20, 38, на реконструкции, 1

