size 734x1224
Angle 75

BrushColor -1
PenColor F7782E
AngleTextOut 0,Arial,20,788,814, Октябрьская >>
AngleTextOut 0,Arial,20,344,511, << Ленинский проспект
AngleTextOut 0,Arial,25,613,666, Шаболовская, 1
PenColor 00AFAF
AngleTextOut 0,Arial,15,-3,917, улица Шаболовка
AngleTextOut -90,Arial,15,312,268, улица Академика Петровского
PenColor 0

Line -210,576, -164,576, 
Line -188,576, -188,522, 163,522, 163,635, 176,636, 189,645, 196,661, 197,679, 188,700, 176,710, 162,711, 162,817, -30,817, -30,866, 
line -210,641, -163,641, 
Line -188,641, -188,818, -100,818, -100,865, 
Spline 400,711, 390,697, 385,681, 386,662, 391,650, 400,636, 
Line 163,635, 99,635, 
Line 162,711, 98,711, 
Dashed 400,636, 179,636, 
Dashed 400,711, 178,711, 
Line 960,770, 960,574, 

BrushColor FC9C54
Polygon 960,574, 322,574, 322,535, 960,536, 
Polygon 960,770, 319,770, 319,813, 960,813, 

BrushColor 808080
PenColor 000000

Polygon 960,617, 821,617, 821,635, 849,635, 849,709, 822,709, 822,729, 960,729, 
Polygon 405,707, 551,707, 551,729, 405,729, 
Polygon 405,616, 552,616, 552,640, 405,640, 

PenColor FF0000
Arrow -143,605, -247,605, 
Arrow 90,651, 52,651, 
PenColor 009900
Arrow -64,885, -64,784, 
Arrow 53,698, 92,698, 

