Size 850x760
Angle -40

BrushColor -1
PenColor AC24AC
AngleTextOut 0, Arial, 20, 270, 276, << Тушинская
AngleTextOut 0, Arial, 20, 431, 461, Октябрьское поле >>
AngleTextOut 0, Arial, 25, 357, 369, Щукинская, 1
PenColor 00AFAF
AngleTextOut 90, Arial, 15, 400, 716, улица Академика Бочвара
AngleTextOut 40, Arial, 15, 691, 223, Щукинская улица
AngleTextOut 0, Arial, 15, -116, 361, улица Маршала Василевского
AngleTextOut 0, Arial, 15, 845, 369, улица Маршала
AngleTextOut 0, Arial, 15, 846, 385, Василевского
PenColor 000000

BrushColor AC24AC
Polygon 261,301, 588,301, 588,335, 261,335
Polygon 261,426, 588,426, 588,460, 261,460

BrushColor 808080
Polygon 588,301, 588,343, 695,343, 695,301
Polygon 588,460, 588,418, 694,418, 694,460
Polygon 261,301, 200,301, 200,343, 261,343
Polygon 261,460, 261,418, 200,418, 200,460
Polygon 781,332, 802,332, 802,429, 781,429
Polygon 117,332, 138,332, 138,429, 117,429
Line 695,301, 783,301, 783,306, 809,306, 809,278, 767,278
Line 767,256, 831,256, 831,511, 766,511
Line 766,489, 809,489, 809,454, 783,454, 783,460, 694,460
Line 200,460, 136,460, 136,454, 112,454, 112,547, 43,547
Line 43,525, 86,525, 86,253, 36,253
Line 36,232, 113,232, 113,306, 137,306, 137,301, 200,301
Line 695,343, 703,343
Line 694,418, 703,418
Dashed 613,343, 613,418
Dashed 703,343, 703,418
Stairs 767,256, 767,278, 804,256
Stairs 768,489, 768,511, 804,489
Stairs 202,343, 202,418, 259,343
Stairs 36,232, 36,253, 72,232
Stairs 43,525, 43,547, 75,525

PenColor FF0000
Arrow 780,317, 808,317
Arrow 646,357, 684,357
Arrow 233,363, 193,363
Arrow 140,317, 112,317
PenColor 009900
Arrow 806,439, 778,439
Arrow 666,398, 625,398
Arrow 228,396, 268,396
Arrow 114,439, 142,439

