size 820x668
Angle 20

BrushColor -1
PenColor 0
AngleTextOut 0,Arial,20,-9,329, << Авиамоторная
AngleTextOut 0,Arial,20,385,524, Перово >>
AngleTextOut 0,Arial,25,153,421, Шоссе Энтузиастов, 1
PenColor FCDC04
AngleTextOut 0,Arial,20,-10,328, << Авиамоторная
AngleTextOut 0,Arial,20,384,523, Перово >>
AngleTextOut 0,Arial,25,151,419, Шоссе Энтузиастов, 1
PenColor 00AFAF
AngleTextOut 0,Arial,15,677,142, трамвайные пути
AngleTextOut 0,Arial,15,616,576, Кусковский сквер
AngleTextOut 0,Arial,15,449,230, Шоссе Энтузиастов
AngleTextOut -90,Arial,15,458,565, Электродная улица
PenColor 0

BrushColor FCDC04
Polygon 459,387, -12,386, -12,354, 459,354, 
Polygon -12,512, -12,480, 460,480, 460,512, 

BrushColor 808080;
Polygon -12,396, 154,396, 154,408, 142,408, 142,457, 154,457, 154,470, -12,470, 
Polygon 459,354, 459,406, 370,406, 370,396, 501,396, 514,383, 514,354, 
Polygon 460,512, 460,461, 370,461, 370,471, 503,471, 514,483, 514,512, 
Polygon 603,512, 603,502, 626,502, 626,512, 
Polygon 603,476, 603,391, 626,391, 626,476, 
Polygon 603,354, 603,364, 626,364, 626,354, 
Line -12,480, -12,386, 
Line 459,407, 480,407, 
Line 460,460, 480,460, 
Line 514,512, 648,512, 648,533, 
Line 672,533, 672,512, 704,512, 704,354, 672,354, 653,333, 653,311, 728,311, 
Line 728,289, 653,289, 653,187, 726,187, 
Line 727,164, 653,164, 653,134, 727,134, 
Line 727,112, 554,112, 
Line 554,135, 629,135, 629,288, 555,288, 
Line 555,311, 629,311, 629,333, 648,354, 514,354, 
Dashed 480,460, 480,407, 
Dashed 377,461, 377,406, 
Stairs 648,533, 672,533, 648,512, 
Stairs 629,333, 653,333, 629,318, 
Stairs 624,288, 624,311, 560,288, 
Stairs 658,289, 658,311, 723,289, 
Stairs 658,187, 658,164, 722,187, 
Stairs 658,112, 658,134, 722,112, 
Stairs 625,112, 625,135, 560,112, 

PenColor FF0000
Arrow 600,488, 630,488, 
Arrow 403,446, 457,446, 
PenColor 009900
Arrow 630,376, 597,376, 
Arrow 447,421, 395,421, 

