Size 1050x850
Angle 20

BrushColor -1
PenColor 34349C
AngleTextOut 0, Arial, 20, 352, 360, << Кунцевская
AngleTextOut 0, Arial, 20, 557, 494, Парк Победы >>
AngleTextOut 0, Arial, 25, 374, 420, Славянский бульвар, 1
PenColor 00AFAF
AngleTextOut -50, Arial, 15, -61, 556, Старорублёвское шоссе
AngleTextOut 0, Arial, 15, 738, 109, улица Герасима Курина
AngleTextOut 0, Arial, 15, 782, 780, Кутузовский проспект
AngleTextOut 0, Arial, 15, 424, 154, Белорусское направление ЖД
PenColor 000000

BrushColor 34349C
Polygon 697,468, 697,487, 353,487, 353,468
Polygon 697,386, 697,405, 353,405, 353,386

BrushColor 808080
Polygon 794,414, 827,414, 827,458, 794,458
Polygon 101,415, 133,415, 133,454, 101,454

;Правый вестибюль
Stairs 697,417, 697,455, 633,417
Line 697,417, 633,417
Line 697,455, 633,455
Line 697,487, 844,487, 844,511
Line 844,560, 844,585
Line 697,386, 844,386, 844,319
Spline 844,319, 837,312, 833,302, 832,291
Line 814,291, 832,291
Line 814,277, 838,277
Spline 838,277, 848,269, 861,266, 874,269, 884,277
Line 884,277, 942,277
Spline 942,277, 947,272, 953,268
Line 953,268, 953,247
Dashed 953,247, 953,183
Line 953,183, 953,142
Line 976,142, 976,183
Dashed 976,183, 976,247
Line 976,247, 976,268
Spline 976,268, 983,272, 988,277
Line 988,277, 1081,277
Line 1081,313, 988,313
Spline 988,313, 978,321, 965,324, 952,321, 942,313
Line 942,313, 884,313
Spline 884,313, 881,316, 877,319
Line 877,319, 877,386, 883,386, 883,487, 877,487, 877,511
Line 877,560, 877,585
Stairs 976,145, 953,145, 976,180
Line 827,458, 844,458, 844,414, 827,414
Stairs 844,695, 877,695, 844,659
Stairs 1078,277, 1078,313, 1038,277
Stairs 930,277, 930,313, 897,277
Line 844,634, 844,698
Line 877,634, 877,699
Line 832,528, 816,528
Line 832,543, 816,543
Spline 844,585, 835,595, 831,609, 835,624, 844,634
Spline 877,585, 886,595, 890,609, 886,624, 877,634
Spline 877,560, 886,550, 890,535, 886,521, 877,511
Spline 844,511, 837,518, 832,528
Spline 844,560, 837,553, 832,543
Line 697,417, 697,405

;Лифт
BrushColor 808080
Polygon 697,455, 697,468, 681,468, 681,455
AngleTextOut 0, Arial, 6, 683, 458, Лифт

Polygon 799,528, 816,528, 816,543, 799,543
AngleTextOut 0, Arial, 6, 801, 532, Лифт

Polygon 796,277, 814,277, 814,291, 796,291
AngleTextOut 0, Arial, 6, 798, 281, Лифт

;Железная дорога
Railway 10, 12, 5, 1117,200, 44,200
Railway 10, 12, 5, 1175,220, 36,220
Railway 10, 12, 5, 1229,240, 29,240

;Левый вестибюль
;Line 353,405, 353,412
Line 281,406, 281,382, 133,382, 133,391, 49,391, 49,482, 55,482, 55,582, 92,626, 80,637, 59,613, 64,609
Line 281,468, 281,491, 133,491, 133,482, 86,482, 86,565, 116,600
Line 35,632, 54,654
Line 100,659, 112,649
Line 353,468, 353,462
Spline 281,406, 302,415, 310,436, 302,458, 281,468
Spline 116,600, 127,626, 112,649
Spline 54,654, 78,667, 100,659
Spline 35,632, 27,606, 40,584
Stairs 55,538, 86,538, 55,557
Stairs 92,626, 112,649, 80,637
Stairs 97,578, 71,601, 111,594
Stairs 75,632, 52,652, 64,618
Line 101,454, 87,454, 87,415, 101,415
Spline 353,405, 334,416, 328,436, 335,457, 353,468
Line 340,412, 353,412, 353,462, 340,462
Line 353,428, 329,428
Line 353,445, 330,445
Line 281,406, 281,468
Line 281,412, 298,412
Line 281,428, 310,428
Line 281,445, 309,445
Line 281,462, 298,462
Dashed 340,412, 298,412
Dashed 329,428, 310,428
Dashed 309,445, 330,445
Dashed 298,462, 340,462

PenColor FF0000
Arrow 802,472, 831,472
Arrow 128,403, 98,403

PenColor 009900
Arrow 99,468, 127,468
Arrow 830,400, 800,400

BrushColor -1
PenColor 000000
AngleTextOut -90, Arial, 12, 102, 418, Кассы
AngleTextOut -90, Arial, 12, 844, 419, Кассы

