size 830x550
Angle 20

BrushColor -1
PenColor 34349C
AngleTextOut 0,Arial,20,22,177, << Киевская
AngleTextOut 0,Arial,20,431,399, Арбатская >>
AngleTextOut 0,Arial,25,179,287, Смоленская, 1
PenColor 00AFAF
AngleTextOut 70,Arial,15,407,140, Смоленская площадь
AngleTextOut 0,Arial,15,644,555, улица Арбат
на Смоленскую пл., ул.Арбат, Новинский б-р.
PenColor 0

BrushColor 34349C
Polygon 541,370, 541,400, 17,400, 17,370, 
Polygon 541,201, 541,231, 17,231, 17,201, 
Line 17,231, 17,259, 
Line 17,342, 17,370, 
Line 541,370, 541,341, 328,342, 328,331, 405,331, 423,325, 496,325, 
Line 496,276, 423,276, 405,270, 328,270, 328,260, 541,260, 541,231, 
Dashed 496,276, 561,275, 
Dashed 496,325, 561,325, 
Dashed 587,274, 587,328, 
Dashed 387,271, 387,331, 
Spline 496,276, 511,300, 496,325, 
Spline 594,242, 580,256, 570,274, 
Spline 569,328, 599,365, 642,377, 681,367, 707,343, 719,313, 
Spline 719,286, 706,257, 681,235, 643,226, 

BrushColor 808080
Polygon 17,259, 139,259, 139,271, 126,271, 126,330, 139,330, 139,342, 17,342, 
Line 587,328, 561,328, 561,274, 587,274, 
Line 747,158, 733,158, 733,171, 743,171, 743,325, 726,325, 726,313, 719,313, 
Line 709,286, 719,286, 
Line 675,160, 687,160, 687,172, 597,172, 598,160, 611,160, 
Line 548,160, 559,160, 559,172, 549,172, 549,223, 595,223, 594,242, 

PenColor FF0000
Arrow 620,258, 620,208, 
Arrow 578,181, 578,151, 
Arrow 590,284, 611,284, 
PenColor 009900
Arrow 712,298, 678,298, 
Arrow 710,149, 710,178, 
Arrow 610,310, 590,310, 

