size 817x465

BrushColor -1
PenColor 2C7CAC
AngleTextOut 0,Arial,20,39,240, << Киевская
AngleTextOut 0,Arial,20,683,444, Арбатская >>
AngleTextOut 0,Arial,25,357,344, Смоленская, 1
PenColor 00AFAF
AngleTextOut 90,Arial,15,518,207, Смоленская площадь
PenColor 0

BrushColor 2C7CAC
Polygon 41,406, 41,445, 797,445, 797,406, 
Polygon 41,266, 41,305, 186,305, 186,266, 
Polygon 274,266, 274,305, 564,305, 564,266, 
Polygon 652,266, 652,305, 797,305, 797,266, 
Line 186,305, 186,335, 131,335, 
Line 130,375, 329,375, 
Line 329,335, 274,335, 274,305, 
Line 508,335, 564,335, 564,305, 
Line 652,305, 652,335, 707,335, 
Line 708,376, 509,376, 
Line 564,266, 652,266, 
Dashed 186,305, 274,305, 
Dashed 564,305, 652,305, 
Line 797,305, 797,406, 
Line 41,305, 41,406, 
Stairs 131,335, 131,375, 155,335, 
Stairs 169,335, 169,375, 183,335, 
Stairs 278,335, 278,375, 293,335, 
Stairs 305,335, 305,375, 329,335, 
Stairs 508,335, 508,376, 533,335, 
Stairs 545,335, 545,376, 561,335, 
Stairs 655,335, 655,376, 671,335, 
Stairs 684,335, 684,376, 707,335, 

BrushColor 808080
Polygon 63,138, 63,102, 73,102, 73,121, 79,121, 79,138, 
Polygon 98,138, 98,123, 110,123, 110,109, 104,109, 104,105, 351,105, 351,109, 382,109, 382,155, 377,160, 339,160, 339,118, 122,118, 122,138, 
Polygon 228,266, 228,240, 234,240, 234,266, 
Line 186,266, 209,266, 209,118, 
Line 274,266, 253,266, 253,118, 
Line 351,105, 373,105, 
Line 453,160, 427,160, 420,153, 420,145, 428,145, 428,110, 463,110, 463,30, 425,30, 425,20, 385,20, 385,30, 349,30, 349,39, 37,39, 37,119, 41,119, 41,137, 20,137, 
Line 373,39, 349,39, 
Line 399,30, 399,20, 
Line 411,30, 411,20, 
Dashed 209,118, 209,105, 
Dashed 253,118, 253,105, 
Stairs 210,207, 253,207, 209,166, 
Stairs 209,148, 253,148, 209,118, 
Stairs 147,39, 147,105, 102,39, 
Stairs 161,39, 161,105, 201,39, 
Stairs 268,39, 268,105, 308,39, 
Stairs 323,39, 323,105, 369,39, 

PenColor FF0000
Arrow 218,155, 218,82, 
Arrow 211,71, 153,71, 
Arrow 52,106, 52,155, 
PenColor 009900
Arrow 402,191, 402,146, 
Arrow 315,71, 255,71, 
Arrow 244,82, 244,155, 

