Size 695x739
Angle -30

BrushColor -1
PenColor 046434
AngleTextOut 0, Arial, 20, -24, 219, << Войковская
AngleTextOut 0, Arial, 20, 341, 361, Аэропорт >>
AngleTextOut 0, Arial, 25, 251, 287, Сокол, 1
PenColor 00AFAF
AngleTextOut 0, Arial, 15, 541, 298, Ленинградский проспект
AngleTextOut 90, Arial, 15, 603, 624, Песчаная улица
TextOut Arial, 15, 126, 80, ТЦ "Метромаркет"
PenColor 000000

BrushColor 046434
Polygon -16,275, -16,245, 104,245, 104,275
Polygon 145,275, 145,245, 439,245, 439,275
Polygon -16,326, -16,355, 104,355, 104,326
Polygon 145,326, 145,355, 439,355, 439,326

BrushColor 808080
Polygon 470,303, 470,299, 484,299, 484,303
Polygon 122,496, 129,496, 129,505, 122,505
Line -16,326, -16,275
Line 413,311, 528,311, 528,215, 575,215

Line 413,290, 488,290, 488,214, 440,214
Line 440,200, 575,200
Line 439,290, 439,275, 488,275
Line 439,311, 439,326, 488,326
Line 145,245, 145,179, 157,179, 157,160, 147,160, 147,155, 166,155
Line 104,245, 104,179, 94,179, 94,160, 104,160, 104,155, 84,155
Line 109,137, 109,130
Line 140,137, 140,130
;;;;;;;Line 122,94, 122,98, 133,98, 133,94, 
Line 145,355, 145,476, 156,476, 156,525
Line 104,355, 104,478, 94,478, 94,525
Line 143,525, 168,525, 168,484, 164,484
Line 107,525, 84,525, 84,484, 88,484
Line 58,484, 62,484, 62,542, 188,542, 188,484, 192,484
Line 104,307, 61,307
Line 104,292, 61,292
Line 145,307, 188,307
Line 188,292, 145,292
Line 145,307, 145,326
Line 145,292, 145,275
Line 104,292, 104,275
Line 104,307, 104,326
Spline 115,106, 92,112, 67,134, 63,155
Spline 134,106, 159,112, 182,133, 188,155
Spline 84,155, 92,138, 109,130
Spline 166,155, 158,138, 140,130

Stairs 575,215, 575,200, 528,215
Stairs 440,214, 440,200, 488,214
Stairs 413,311, 413,290, 459,311
Stairs 168,525, 188,525, 168,512
Stairs 84,525, 62,525, 84,513
Stairs 143,525, 143,542, 168,525
Stairs 107,525, 107,542, 84,525
Stairs 188,307, 188,292, 145,307
Stairs 61,307, 61,292, 104,307
;Stairs 112,118, 103,97, 102,121
Stairs 140,130, 145,108, 151,132

PenColor FF0000
;Line 416,299, 491,299, 491,492, 443,492
;Line 578,203, 531,203, 531,492, 578,492

PenColor C0C0C0
Line 528,311, 528,504, 575,504
Line 488,311, 488,504, 440,504
Stairs 575,504, 575,520, 528,504
Stairs 440,504, 440,520, 488,504
Line 575,520, 440,520
BrushColor -1
AngleTextOut 90, Arial, 15, 497, 466, Выход замурован

PenColor FF0000
Arrow 432,300, 464,300
Arrow 166,297, 135,297
Arrow 83,297, 113,297
Arrow 142,490, 142,510
Arrow 158,534, 176,534
Arrow 178,498, 178,479
Arrow 133,148, 133,128
Arrow 163,128, 176,141
Arrow 128,113, 128,93
PenColor 009900
Arrow 171,303, 196,303
Arrow 79,303, 53,303
Arrow 109,510, 109,491
Arrow 72,484, 72,505
Arrow 118,128, 118,148
Arrow 73,142, 86,129
Arrow 121,93, 121,113

