size 761x682
Angle 20

BrushColor -1
PenColor E41c0c
AngleTextOut 0,Arial,20,-19,402, << Красносельская
AngleTextOut 0,Arial,20,493,535, Преображенская пл. >>
AngleTextOut 0,Arial,25,390,462, Сокольники, 1
PenColor 00AFAF
AngleTextOut -90,Arial,15,263,-7, << ПКиО Сокольники
AngleTextOut -90,Arial,15,356,-10, 'м-н "ЗЕНИТ"'
PenColor 0
AngleTextOut 0,Arial,15,468,289, Наземный вестибюль
AngleTextOut 0,Arial,15,468,149, Промежуточный вестибюль
AngleTextOut 0,Arial,15,183,146, Подземный вестибюль

BrushColor E41c0c
Polygon -34,426, 208,426, 208,448, -34,448, 
Polygon 294,426, 695,426, 695,448, 294,448, 
Polygon -34,509, 209,509, 209,531, -34,531, 
Polygon 294,509, 695,509, 695,531, 294,531, 

BrushColor 808080

Line 346,465, 294,465, 294,448, 
Line 158,465, 208,465, 208,448, 
Line 346,492, 294,492, 294,509, 
Line 158,492, 209,492, 209,509, 
Line -34,509, -34,448, 
Line 209,531, 294,531, 
Line 695,509, 695,448, 
Line 208,426, 221,426, 221,288, 
Line 294,426, 281,426, 281,288, 
Line 328,221, 328,164, 174,164, 174,222, 
Line 311,196, 268,196, 268,212, 311,212, 311,180, 277,180, 
Line 224,180, 191,180, 191,212, 233,212, 233,196, 191,196, 

Line 488,385, 494,385, 494,404, 472,404, 472,385, 401,385, 401,374, 3
Line 401,341, 401,330, 472,330, 472,311, 494,311, 494,330, 488,330, 3
Line 575,385, 569,385, 569,404, 591,404, 591,385, 662,385, 662,373, 3
Line 575,330, 569,330, 569,311, 591,311, 591,331, 662,331, 662,341, 3
Line 638,331, 638,358, 588,358, 588,385, 3
Line 426,330, 426,358, 475,358, 475,385, 3

Line 399,242, 399,189, 497,189, 497,165, 566,165, 566,189, 663,189, 663,242, 3
Line 587,189, 587,214, 636,214, 636,239, 567,239, 567,263, 496,263, 496,238, 427,238, 427,214, 476,214, 476,189, 3

Spline 328,221, 315,260, 281,288, 
Spline 174,222, 189,262, 221,288, 
Spline 311,212, 303,244, 288,262, 
Spline 191,212, 199,242, 215,261, 

Stairs 426,330, 426,385, 475,330, 
Stairs 589,331, 589,385, 638,331, 
Stairs 587,189, 587,238, 635,189, 
Stairs 427,238, 427,189, 476,238, 
Stairs 346,465, 346,492, 323,465, 
Stairs 292,465, 292,492, 310,465, 
Stairs 211,465, 211,492, 193,465, 
Stairs 158,492, 158,465, 179,492, 
Stairs 194,268, 208,255, 201,275, 
Stairs 301,275, 288,262, 308,267, 
Stairs 191,196, 191,180, 207,196, 
Stairs 224,180, 224,165, 209,180, 
Stairs 311,196, 311,180, 295,196, 
Stairs 277,180, 277,165, 293,180, 
Stairs 233,212, 268,212, 233,205, 

Polygon 248,198, 253,198, 253,212, 248,212, 

PenColor FF0000
Arrow 230,431, 230,381, 
Arrow 272,431, 272,381, 
Arrow 214,270, 199,255, 
Arrow 288,270, 303,255, 
Arrow 187,482, 223,482, 
Arrow 315,474, 280,474, 
Arrow 440,368, 412,368, 
Arrow 624,368, 650,368, 
Arrow 506,226, 482,226, 
Arrow 557,226, 581,226, 
PenColor 009900
Arrow 241,201, 241,223, 
Arrow 261,201, 261,222, 
Arrow 251,253, 251,299, 
Arrow 251,381, 251,431, 
Arrow 220,474, 183,474, 
Arrow 283,482, 319,482, 
Arrow 531,415, 531,379, 
Arrow 510,347, 478,347, 
Arrow 553,347, 585,347, 
Arrow 531,304, 531,341, 
Arrow 649,204, 620,204, 
Arrow 414,204, 437,204, 

