size 822x1096
Angle 45

BrushColor -1
PenColor E41c0c
AngleTextOut 0,Arial,20,374,367, << Воробьевы горы
AngleTextOut 0,Arial,20,644,516, Фрунзенская >>
AngleTextOut 0,Arial,25,463,436, Спортивная, 1
PenColor 00AFAF
AngleTextOut -90,Arial,15,783,242, ул.10-летия Октября
AngleTextOut 0,Arial,15,-239,645, << к спорт.комплексу "Лужники"
PenColor 0

BrushColor E41c0c
Polygon 365,413, 365,394, 773,394, 773,412, 
Polygon 365,510, 365,491, 773,491, 773,510, 

BrushColor 808080
Polygon 371,476, 371,468, 454,468, 454,476, 
Polygon 372,436, 372,419, 404,419, 404,429, 454,429, 454,436, 
Polygon 558,476, 558,468, 716,468, 727,471, 727,476, 
Polygon 558,436, 558,428, 576,428, 576,436, 587,436, 587,428, 727,428, 727,433, 716,436, 
Polygon 79,511, 67,499, 50,516, 40,530, 48,538, 61,529, 
Polygon -13,595, -16,592, -2,569, 9,580, 
Polygon -28,612, -34,606, -31,603, -25,609, 
Line 365,413, 365,436, 244,436, 
Line 244,468, 365,468, 365,491, 
Line 773,491, 773,475, 761,475, 761,484, 736,484, 736,472, 
Line 773,412, 773,428, 736,428, 736,434, 
Line 802,581, 802,574, 807,569, 832,569, 832,589, 923,589, 923,539, 913,539, 913,514, 
Line 913,381, 913,366, 917,362, 923,362, 923,313, 832,313, 832,334, 806,334, 802,330, 802,322, 
Line 801,373, 801,369, 806,365, 870,365, 870,362, 881,362, 
Line 885,540, 870,540, 870,537, 806,537, 802,533, 802,529, 
Line -3,637, -6,634, -10,638, -13,635, -5,627, -2,630, 29,599, 40,610, 81,569, 74,562, 82,550, 109,523, 
Line -61,583, -58,586, -61,589, -57,593, -49,585, -52,582, -19,549, -31,537, 8,498, 16,506, 27,495, 55,467, 
Spline 109,523, 136,522, 159,510, 175,489, 182,468, 195,460, 195,443, 180,436, 172,419, 162,407, 150,398, 137,393, 113,390, 88,398, 66,418, 56,442, 55,468, 
Spline 244,468, 227,452, 244,436, 
Spline 885,540, 885,526, 884,513, 874,508, 859,500, 846,488, 840,477, 823,463, 818,451, 823,436, 838,425, 846,413, 859,399, 874,391, 881,381, 881,362, 
Spline 913,381, 922,391, 940,401, 954,418, 962,434, 964,461, 959,477, 948,493, 932,505, 913,514, 
Dashed 304,468, 304,436, 
Dashed 635,467, 635,437, 
Dashed 773,475, 865,475, 865,428, 773,428, 
Dashed 244,468, 148,468, 148,436, 244,436, 

PenColor FF0000
Arrow 831,442, 858,442, 
Arrow 898,396, 898,347, 
Arrow 842,349, 791,349, 
Arrow 597,443, 625,443, 
Arrow 414,446, 388,446, 
Arrow -2,554, -57,609, 
PenColor 009900
Arrow 858,461, 831,461, 
Arrow 898,547, 898,505, 
Arrow 797,553, 847,553, 
Arrow 624,462, 596,462, 
Arrow 388,459, 415,459, 
Arrow -23,627, 27,577, 

