Size 1410x850
Angle -18

BrushColor -1
PenColor 34349C
AngleTextOut 0, Arial, 20, 798, 548, Крылатское >>
AngleTextOut 0, Arial, 20, 462, 390, << тупик
AngleTextOut 0, Arial, 35, 605, 457, Строгино, 1
PenColor 00AFAF
AngleTextOut 90, Arial, 15, 1, 484, ул.Кулакова
AngleTextOut 90, Arial, 15, 1408, 514, Таллинская ул.
AngleTextOut -30, Arial, 15, 1014, -29, ул. Маршала Катукова
AngleTextOut 0, Arial, 15, 1215, 456, Строгинский бульвар
AngleTextOut 0, Arial, 15, 47, 455, Строгинский бульвар

PenColor 000000

BrushColor 34349C
Polygon 458,414, 458,437, 922,437, 922,414
Polygon 458,547, 458,523, 922,523, 922,547

BrushColor 808080
Polygon 922,443, 938,443, 938,459, 922,459
Polygon 1041,452, 1115,452, 1115,508, 1041,508
Polygon 336,451, 336,508, 265,508, 265,451

BrushColor -1
Line 982,459, 922,459, 922,414, 1120,414, 1120,263, 1033,263
Line 1120,237, 1033,237, 1033,211, 1256,211
Line 1256,224, 1048,224
Line 1256,263, 1169,263, 1169,621, 1256,621
Line 1047,660, 1256,660
Line 1256,673, 1033,673, 1033,647, 1121,647
Line 1033,621, 1120,621, 1120,547, 922,547, 922,501, 982,501
Stairs 982,459, 982,501, 922,459
AngleTextOut 0, Arial, 20, 1051, 467, Кассы
AngleTextOut 0, Arial, 6, 923, 447, лифт
Stairs 1038,237, 1038,263, 1055,237
Stairs 1065,237, 1065,263, 1082,237
Stairs 1095,237, 1095,263, 1112,237
Stairs 1178,224, 1178,263, 1195,224
Stairs 1206,224, 1206,263, 1223,224
Stairs 1234,224, 1234,263, 1251,224
Stairs 1039,621, 1039,647, 1056,621
Stairs 1067,621, 1067,647, 1084,621
Stairs 1095,621, 1095,647, 1112,621
Stairs 1178,621, 1178,660, 1195,621
Stairs 1206,621, 1206,660, 1223,621
Stairs 1234,621, 1234,660, 1251,621

Line 352,264, 260,264, 260,414, 458,414, 458,452, 398,452
Line 398,507, 458,507, 458,547, 260,547, 260,621, 352,621
Line 260,647, 352,647, 352,673, 126,673
Line 337,660, 126,660
Line 126,621, 214,621, 214,264, 126,264
Line 126,225, 337,225
Line 126,212, 352,212, 352,238, 260,238
AngleTextOut 0, Arial, 20, 272, 465, Кассы
Dashed 398,452, 398,507
Dashed 458,452, 458,507
Stairs 136,621, 136,660, 153,621
Stairs 164,621, 164,660, 181,621
Stairs 192,621, 192,660, 209,621
Stairs 269,621, 269,647, 287,621
Stairs 297,621, 297,647, 314,621
Stairs 325,621, 325,647, 342,621
Stairs 135,225, 135,264, 152,225
Stairs 163,225, 163,264, 180,225
Stairs 191,225, 191,264, 208,225
Stairs 269,238, 269,264, 286,238
Stairs 297,238, 297,264, 314,238
Stairs 325,238, 325,264, 342,238

PenColor FF0000
;Arrow 362,322, 362,368
PenColor 009900
;Arrow 126,124, 93,124

PenColor FF0000
Arrow 326,432, 286,432
Arrow 1052,526, 1092,526
PenColor 009900
Arrow 286,528, 326,528
Arrow 1092,434, 1052,434

