size 816x459
Angle 22

BrushColor -1
PenColor 2C7CAC
AngleTextOut 0,Arial,30,323,330, Студенческая, 1
PenColor 00AFAF
AngleTextOut 0,Arial,15,378,76, Киевская улица
AngleTextOut -80,Arial,15,119,-92, Можайский переулок
PenColor 0

BrushColor 2C7CAC
Polygon 793,271, 524,271, 524,201, 793,201, 
Polygon 58,272, 58,202, 327,202, 327,272, 

BrushColor 808080
Polygon 632,291, 632,296, 518,296, 517,176, 632,176, 632,181, 524,181, 524,291, 
Polygon 218,181, 218,176, 334,176, 334,296, 218,296, 218,291, 327,291, 327,181, 

Line 793,271, 793,313, 651,313, 641,323, 211,323, 202,314, 58,314, 58,272, 
Line 58,202, 58,160, 200,160, 211,149, 339,149, 
Line 512,149, 640,149, 650,159, 793,159, 793,201, 
Line 374,149, 416,149, 
Line 437,149, 476,149, 
Line 389,149, 389,178, 
Line 462,149, 462,179, 
Line 389,171, 416,171, 
Line 424,171, 429,171, 
Line 437,171, 462,171, 
Line 397,213, 397,259, 
Line 454,213, 454,260, 
Line 58,192, 94,192, 94,174, 
Line 757,298, 757,280, 793,280, 
Line 394,201, 400,195, 400,184, 394,178, 384,178, 377,185, 375,189, 375,283, 376,288, 383,295, 388,297, 393,295, 401,287, 401,276, 394,269, 
Line 458,269, 451,276, 451,287, 458,294, 463,296, 468,294, 475,287, 476,282, 476,188, 474,184, 467,179, 457,179, 451,185, 451,195, 457,201, 

Stairs 524,149, 524,176, 557,149, 
Stairs 574,149, 574,176, 618,149, 
Stairs 575,296, 575,323, 615,296, 
Stairs 524,296, 524,323, 558,296, 
Stairs 292,296, 292,323, 327,296, 
Stairs 232,296, 232,323, 277,296, 
Stairs 233,149, 233,176, 277,149, 
Stairs 291,149, 291,176, 327,149, 
Dashed 58,237, 327,237, 
Dashed 524,236, 793,236, 

PenColor FF0000
Arrow 360,161, 360,123, 
Arrow 500,161, 500,123, 
Arrow 627,303, 566,303, 
Arrow 627,169, 566,169, 
Arrow 225,169, 285,169, 
Arrow 224,308, 285,308, 
PenColor 009900
Arrow 420,133, 420,188, 
Arrow 433,133, 433,188, 
Arrow 408,306, 372,306, 
Arrow 444,306, 480,306, 
Arrow 567,317, 627,317, 
Arrow 566,155, 627,155, 
Arrow 285,155, 225,155, 
Arrow 285,317, 224,317, 

BrushColor -1
PenColor 0
AngleTextOut 0,Arial,20,68,203, << Кутузовская
AngleTextOut 0,Arial,20,684,249, Киевская >>
PenColor FFFFFF
AngleTextOut 0,Arial,20,67,202, << Кутузовская
AngleTextOut 0,Arial,20,682,248, Киевская >>

