Size 580x870

BrushColor -1
PenColor F7782E
AngleTextOut -70, Arial, 20, 184, 8, << Проспект Мира
AngleTextOut -70, Arial, 20, 72, 218, Тургеневская >>
AngleTextOut -70, Arial, 25, 130, 116, Сухаревская, 1
PenColor 00AFAF
AngleTextOut 0, Arial, 15, 393, 550, Большая Сухаревская площадь
AngleTextOut 0, Arial, 15, 60, 550, Малая Сухаревская площадь
AngleTextOut 90, Arial, 15, 309, 855, улица Сретенка
AngleTextOut 90, Arial, 15, 309, 399, проспект Мира
AngleTextOut 0, Arial, 15, 145, 500, Садовое кольцо
AngleTextOut 0, Arial, 15, 380, 500, Садовое кольцо
PenColor 000000

BrushColor FC9C54
Polygon 121,359, 142,351, 35,59, 15,66
Polygon 246,313, 266,306, 159,14, 140,21
Line 35,59, 57,51, 78,108, 87,105, 84,97, 127,82, 130,90, 139,87, 118,29, 140,21
Line 142,351, 161,344, 145,300, 158,295, 180,354
Line 219,339, 198,281, 211,276, 227,320, 246,313
Spline 180,354, 201,352, 219,339
Dashed 166,315, 205,301
Dashed 219,339, 330,662
Dashed 180,354, 302,672
Dashed 313,702, 341,692

BrushColor 808080
Polygon 254,636, 264,636, 264,652, 254,652
Polygon 371,636, 381,636, 381,652, 371,652
Polygon 281,636, 354,636, 354,652, 329,652, 314,646, 299,652, 281,652
Line 489,575, 362,575, 362,523, 328,523, 328,465, 421,465
Line 181,575, 334,575, 334,546, 303,546, 303,465, 198,465
Line 198,438, 421,438
Line 181,633, 224,633
Line 186,604, 254,604, 254,680
Line 489,604, 381,604, 381,680
Line 313,702, 302,672
Line 341,692, 330,662
Spline 181,575, 163,585, 156,604, 164,623, 181,633
Spline 330,662, 313,659, 302,672
Spline 254,680, 278,722, 319,736, 363,717, 381,680
Stairs 201,575, 201,633, 222,575
Stairs 403,575, 403,604, 423,575
Stairs 436,575, 436,604, 456,575
Stairs 467,575, 467,604, 487,575
Stairs 203,438, 203,465, 235,438
Stairs 416,438, 416,465, 384,438

PenColor FF0000
Arrow 356,583, 397,583
Arrow 363,658, 363,627
PenColor 009900
Arrow 341,597, 301,597
Arrow 272,628, 272,660

