size 1020x1009
Angle 42

BrushColor -1
PenColor F7782E
AngleTextOut 0,Arial,20,430,588, Бабушкинская >>
AngleTextOut 0,Arial,20,214,400, << Ботанический сад
AngleTextOut 0,Arial,25,347,494, Свиблово, 1
PenColor 00AFAF
AngleTextOut 0,Arial,15,822,485, Снежная улица
AngleTextOut 0,Arial,15,-66,500, Снежная улица
AngleTextOut -90,Arial,15,1006,301, Кольская улица
AngleTextOut -115,Arial,15,1004,636, улица Амундсена
AngleTextOut -90,Arial,15,218,248, проезд Русанова
PenColor 0

BrushColor FC9C54
Polygon 206,427, 590,427, 590,461, 206,461, 
Polygon 206,552, 590,552, 590,586, 206,586, 

BrushColor 808080
Polygon 590,427, 590,469, 644,469, 644,427, 
Polygon 590,586, 590,544, 644,544, 644,586, 
Polygon 206,427, 206,469, 152,469, 152,427, 
Polygon 206,586, 206,544, 152,544, 152,586, 
Polygon 696,458, 715,458, 715,555, 696,555, 
Polygon 81,458, 100,458, 100,555, 81,555, 
Line 644,427, 715,427, 715,371, 804,282, 
Line 827,308, 745,390, 745,591, 827,673, 
Line 804,697, 715,608, 715,586, 644,586, 
Line 152,586, 81,586, 81,674, -27,674, 
Line -25,640, 52,640, 52,394, -25,394, 
Line -27,361, 79,361, 140,300, 
Line 163,325, 81,407, 81,427, 152,427, 
Stairs -23,361, -23,394, 47,361, 
Stairs 88,352, 112,376, 137,303, 
Stairs -23,640, -23,674, 47,640, 
Stairs 206,469, 206,544, 152,469, 
Stairs 590,469, 590,544, 644,469, 
Stairs 801,286, 825,310, 752,335, 
Stairs 752,645, 776,621, 802,695, 

PenColor FF0000
Arrow 692,571, 721,571, 
Arrow 105,571, 76,571, 
PenColor 009900
Arrow 719,441, 690,441, 
Arrow 78,441, 107,441, 

