Size 900x840
Angle -30

BrushColor -1
PenColor 000000
AngleTextOut 0, Arial, 20, 218, 284, << Третьяковская
AngleTextOut 0, Arial, 20, 442, 377, Площадь Ильича >>
AngleTextOut 0, Arial, 25, 288, 325, Марксистская, 1
PenColor FCDC04
AngleTextOut 0, Arial, 20, 217, 283, << Третьяковская
AngleTextOut 0, Arial, 20, 441, 376, Площадь Ильича >>
AngleTextOut 0, Arial, 25, 286, 323, Марксистская, 1
PenColor AC1CAC
AngleTextOut 0, Arial, 20, 225, 480, << Китай-город
AngleTextOut 0, Arial, 20, 412, 591, Пролетарская >>
AngleTextOut 0, Arial, 25, 339, 543, Таганская, 1
PenColor 9B5509
AngleTextOut 90, Arial, 20, 41, 609, << Павелецкая
AngleTextOut 90, Arial, 20, 135, 318, Курская >>
AngleTextOut 90, Arial, 25, 88, 484, Таганская, 1
PenColor 00AFAF
AngleTextOut 10, Arial, 15, 698, 180, улица Таганская
AngleTextOut -15, Arial, 15, 762, 307, улица Марксистская
AngleTextOut -35, Arial, 15, 725, 493, улица Воронцовская
AngleTextOut -40, Arial, 15, 606, 590, улица Большие Каменщики
AngleTextOut 90, Arial, 15, 278, 255, Таганская площадь
PenColor 000000

Line 220,517, 220,526, 322,526, 322,536, 230,536, 230,534, 113,534
Line 220,583, 220,573, 322,573, 322,563, 230,563, 230,566, 113,566
Line 113,558, 145,558, 145,554, 113,554, 113,558
Line 113,546, 145,546, 145,542, 113,542, 113,546
Stairs 89,515, 113,515, 90,532
Dashed 230,563, 230,536
Dashed 294,563, 294,536

Line 126,611, 117,611
Line 85,611, 76,611

Line 198,329, 162,329, 162,322, 113,322
Line 199,354, 162,354, 162,360, 113,360
Line 113,352, 149,352, 149,345, 113,345
Line 113,337, 149,337, 149,330, 113,330
Stairs 113,322, 113,330, 126,322
Stairs 113,337, 113,345, 126,337
Stairs 113,352, 113,360, 126,352
Dashed 162,354, 162,329
Dashed 198,329, 254,329, 254,354, 199,354

Line 126,246, 117,246, 117,282, 112,282, 112,254, 106,247, 96,247, 89,255, 89,282, 84,282, 84,246, 76,246
Dashed 112,254, 112,220
Dashed 89,255, 89,221
Line 89,221, 89,208
Line 112,220, 112,207
Spline 112,220, 101,228, 89,221
Spline 89,221, 76,208, 72,188, 82,169, 102,159, 122,167, 131,181
Spline 145,181, 153,193, 145,206
Spline 170,206, 159,193, 170,181
Spline 112,220, 123,214, 130,206
Dashed 145,181, 170,181
Dashed 145,206, 170,206
Dashed 137,181, 137,206
Dashed 176,206, 176,181
Line 130,206, 145,206
Line 131,181, 145,181
Line 182,160, 186,160, 186,172, 170,172, 170,181
Line 170,206, 170,215, 202,215, 202,203, 206,203, 206,221, 253,221, 253,217
Line 253,170, 253,166, 206,166, 206,185, 201,185, 201,172, 194,172, 194,160, 197,160

Line 700,230, 667,263, 714,310, 714,316, 649,316, 643,319, 636,325, 636,328, 630,328, 620,336, 618,341, 620,345, 630,352, 636,352, 636,356, 646,364, 651,366, 726,366, 726,358, 732,358, 732,353, 755,353
Line 706,237, 680,263, 725,308, 725,339, 755,339
Line 694,331, 702,331
Line 694,351, 702,351
Stairs 700,231, 706,237, 674,257
Stairs 755,339, 755,353, 736,339
Stairs 707,366, 707,316, 715,366
Stairs 700,331, 700,351, 694,331

Line 559,366, 559,353, 457,353, 457,358, 559,358
Line 559,316, 559,330, 457,330, 457,325, 559,325
Line 225,316, 225,326, 262,326, 262,330, 235,330, 224,338, 224,344, 234,353, 262,353, 262,357, 225,357, 225,366
Line 412,352, 412,384, 417,384, 417,447, 420,447, 420,539
Line 412,539, 412,487, 407,487, 407,539
Line 399,539, 399,487, 394,487, 394,539
Line 386,539, 386,446, 389,446, 389,352
Line 396,352, 397,384, 404,384, 404,352
Dashed 477,353, 477,330
Dashed 559,330, 648,330, 648,353, 559,353
Dashed 389,392, 417,392
Dashed 389,446, 389,457, 417,457, 417,447
Stairs 412,352, 404,352, 412,375
Stairs 396,352, 389,352, 397,375
Stairs 386,539, 394,539, 386,517
Stairs 399,539, 407,539, 399,517
Stairs 412,539, 420,539, 412,517

Line 570,517, 570,532, 496,532, 496,539, 459,539, 459,526, 570,526
Line 570,583, 570,567, 496,567, 496,560, 459,560, 459,574, 570,574
Spline 570,532, 580,551, 570,567
Line 578,541, 592,541, 592,532, 611,532, 611,540, 618,540, 618,491, 583,491
Line 672,491, 639,491, 639,540, 671,540
Line 583,474, 672,474
Line 578,558, 592,558, 592,568, 611,568, 611,560, 671,560
Stairs 668,540, 668,560, 643,540
Stairs 669,474, 669,491, 642,474
Stairs 586,474, 586,491, 613,474


BrushColor FCDC04
Polygon 559,307, 559,316, 225,316, 225,307
Polygon 559,366, 559,375, 412,375, 412,366
Polygon 404,366, 404,375, 397,375, 397,366
Polygon 389,366, 389,375, 225,375, 225,366

BrushColor AC1CAC
Polygon 570,507, 570,517, 420,517, 420,507
Polygon 412,507, 412,517, 407,517, 407,507
Polygon 399,507, 399,517, 394,517, 394,507
Polygon 386,507, 386,517, 220,517, 220,507
Polygon 570,583, 570,593, 220,593, 220,583

BrushColor 9B5509
Polygon 76,611, 67,611, 67,246, 76,246
Polygon 126,246, 135,246, 135,322, 126,322
Polygon 126,330, 135,330, 135,337, 126,337
Polygon 126,345, 135,345, 135,352, 126,352
Polygon 126,360, 135,360, 135,534, 126,534
Polygon 126,542, 126,546, 135,546, 135,542
Polygon 126,554, 126,558, 135,558, 135,554
Polygon 126,566, 135,566, 135,611, 126,611

BrushColor 808080
Polygon 113,566, 113,611, 89,611, 89,566
Polygon 89,611, 85,611, 85,509, 89,509
Polygon 117,611, 113,611, 113,566, 117,566
Polygon 117,509, 113,509, 113,534, 117,534
Polygon 236,177, 253,177, 253,188, 236,188
Polygon 236,199, 253,199, 253,210, 236,210

PenColor FF0000
Arrow 686,358, 707,358
Arrow 190,180, 190,145
PenColor 009900
Arrow 264,194, 215,194
Arrow 706,324, 686,324

