Size 890x720

PenColor FF4040
BrushColor -1
AngleTextOut 0, Arial, 15, 785, 481, Закрыто на, 1
AngleTextOut 0, Arial, 15, 779, 492, реконструкцию, 1
BrushColor FFE0E0
PenColor FFFFFF
Polygon 792,512, 792,537, 748,537, 748,559, 792,559, 792,608, 862,608, 862,512
PenColor FF4040
Dashed 792,512, 792,537, 748,537, 748,559, 792,559, 792,608, 862,608, 862,512, 792,512
PenColor 000000

Arrow 276,309, 284,301
Arrow 392,371, 359,362
Arrow 377,282, 402,282
Arrow 635,518, 608,518
PenColor FF0000
Arrow 345,243, 354,234
Arrow 416,148, 409,129
Arrow 179,404, 174,409
Arrow 86,333, 71,348
Arrow 63,385, 85,393
Line 201,445, 222,424, 230,432
Arrow 230,432, 212,450
Arrow 567,542, 575,530
Arrow 812,578, 801,587
Arrow 135,384, 110,359
Line 91,338, 86,333

PenColor 009900
Arrow 351,231, 342,240
Arrow 424,136, 429,150
Arrow 176,411, 181,406
Line 229,468, 248,449, 242,443, 226,459
Arrow 219,465, 213,471
Arrow 509,554, 515,568
Arrow 810,598, 826,585
Line 102,384, 102,341, 71,372, 83,375
Arrow 83,375, 95,363
Line 108,367, 120,379
Arrow 120,379, 134,393

BrushColor -1
PenColor E41C0C
AngleTextOut 45, Arial, 15, 167, 371, << Библиотека им.Ленина
AngleTextOut 45, Arial, 15, 297, 307, Лубянка >>
AngleTextOut 45, Arial, 20, 177, 304, Охотный ряд, 1
PenColor 046434
AngleTextOut -65, Arial, 15, 484, 268, << Тверская
AngleTextOut -65, Arial, 15, 484, 420, Новокузнецкая >>
AngleTextOut -65, Arial, 20, 527, 305, Театральная, 1
PenColor 34349C
AngleTextOut 0, Arial, 15, 606, 497, << Арбатская
AngleTextOut 0, Arial, 15, 726, 569, Курская >>
AngleTextOut 0, Arial, 20, 592, 581, Площадь Революции, 1
PenColor 00AFAF

AngleTextOut 45, Arial, 15, 210, 299, улица Охотный ряд
AngleTextOut 45, Arial, 15, 5, 471, Моховая улица
AngleTextOut -45, Arial, 15, 256, 422, Манежная площадь
AngleTextOut 45, Arial, 15, 188, 663, Александровский сад
AngleTextOut -45, Arial, 15, 65, 234, Тверская улица
AngleTextOut 15, Arial, 15, 445, 206, Театральная площадь
AngleTextOut -45, Arial, 15, 191, 6, улица Большая Дмитровка
AngleTextOut 15, Arial, 15, 512, 162, Театральный проезд
AngleTextOut 55, Arial, 15, 593, 416, площадь Революции
AngleTextOut 55, Arial, 15, 720, 492, улица Никольская
AngleTextOut -50, Arial, 15, 793, 585, Богоявленский переулок
PenColor 000000

; красный
BrushColor FC1C04
Polygon 343,254, 348,259, 198,409, 193,404
Polygon 176,387, 181,392, 331,242, 326,237

Line 103,304, 140,341, 146,335
Line 96,311, 109,324, 79,354
Line 95,338, 83,326, 58,351, 70,363, 31,402, 20,391
Line 11,400, 29,418, 18,429
Line 25,436, 42,419, 35,412, 55,392, 91,404, 246,559
Line 252,553, 240,541, 252,541, 264,553
Line 272,545, 258,531, 230,531, 176,477, 179,474, 186,481
Line 190,477, 183,470, 190,463
Line 181,454, 173,462, 170,459, 164,465, 111,412, 106,345, 116,335, 142,361, 157,346
Line 70,379, 98,388, 95,356, 83,368
Line 82,383, 96,369
Line 106,349, 159,402, 166,395, 190,419, 178,431, 183,436, 192,445, 221,416, 255,450, 234,471, 232,469
Line 236,457, 230,463, 223,456, 235,444
Line 216,461, 212,465, 200,453, 222,431, 230,439, 221,448
Line 223,468, 213,478, 185,450, 177,442, 172,437, 165,444, 141,420, 147,414, 119,386, 108,375
Line 246,316, 233,303, 276,260, 299,265
Line 249,313, 241,305, 246,300, 254,308
Line 257,305, 249,297, 278,268, 292,271
Line 266,314, 263,311
Line 263,317, 260,314
Line 258,322, 255,319
Line 255,325, 252,322
Line 260,330, 263,333
Line 263,327, 266,330
Line 268,322, 271,325
Line 271,319, 274,322
Line 272,336, 278,342, 283,337, 277,331
Line 268,339, 274,345, 446,391, 457,407, 473,420, 495,410
Line 280,328, 290,338, 462,384, 479,376
Line 492,403, 474,411, 468,405
Line 468,405, 488,396
Line 485,389, 468,397, 463,395, 465,390, 482,382
Line 328,279, 361,286, 440,285, 446,298, 442,300, 431,276, 437,273, 431,260, 424,255, 419,255, 415,254, 411,251, 386,226, 383,229, 373,219, 368,217, 366,212, 358,204, 376,186, 376,181, 380,175, 388,170, 409,157, 412,151, 405,132, 374,143
Line 372,138, 446,110
Line 448,116, 413,129, 421,151, 425,149, 419,133, 450,122
Line 452,129, 428,138, 433,151, 431,157, 391,181, 387,189, 405,207, 393,219, 421,247, 428,249, 437,255, 444,270, 448,268, 459,292, 453,295, 445,277, 360,278, 335,273
Line 343,254, 340,251, 339,246, 334,245, 331,242
Line 193,404, 190,401, 184,401, 184,395, 181,392
Dashed 335,257, 328,250, 372,206, 379,213, 335,257
Dashed 189,390, 195,396, 174,417, 168,411, 189,390
Dashed 247,343, 242,338, 255,325, 260,330, 247,343
Dashed 271,319, 266,314, 275,305, 280,310, 271,319
Line 277,313, 273,312, 272,308
Line 250,340, 249,336, 245,335
Dashed 292,271, 328,279
Dashed 299,265, 335,273

; зеленый
BrushColor 047C54
Polygon 460,281, 467,278, 502,354, 495,357
Polygon 433,293, 426,296, 466,382, 473,379
Polygon 469,388, 472,395, 479,392, 476,385
Polygon 476,402, 479,409, 485,406, 482,399
Polygon 488,413, 482,416, 519,495, 525,492
Polygon 507,364, 500,367, 519,408, 526,405
Polygon 531,415, 524,418, 552,479, 559,476
Line 463,340, 447,305, 460,299, 476,334, 471,328, 465,327, 462,332, 463,340
Dashed 463,340, 476,334
Line 515,423, 528,451, 528,459, 522,462, 516,457, 503,429
Line 525,492, 552,479, 555,486, 528,499, 525,492
Line 522,419, 538,412, 603,553, 624,553, 624,558
Line 517,409, 534,401, 515,360, 498,368
Line 493,358, 515,348, 605,543, 624,543, 624,538
Line 630,539, 630,557
Dashed 516,457, 554,538, 566,532, 528,451

Dashed 572,486, 578,483
Dashed 576,495, 582,492

Dashed 624,555, 575,555, 575,541, 624,541
Line 537,495, 550,522, 717,522, 717,545, 711,545, 711,550, 722,550, 722,522, 727,522, 727,550, 738,550, 738,545, 732,545, 732,514, 553,514, 543,492
Line 752,541, 779,541, 784,545, 784,552, 779,556, 752,556
Dashed 752,556, 752,541
Dashed 779,541, 811,541, 811,556, 779,556
Line 816,605, 813,601, 848,572
Spline 848,572, 857,557, 857,542, 850,528, 837,519, 824,517, 812,521, 802,529, 796,541
Spline 796,556, 800,566, 808,574
Line 808,574, 798,583, 795,579
Line 816,582, 820,585, 808,595, 805,591, 816,582
Arrow 547,424, 554,439
Spline 539,557, 538,549, 540,541, 545,533, 553,528, 562,526, 569,527
Spline 581,534, 586,543, 587,552, 585,560, 581,566, 576,571, 568,575
Line 568,575, 519,597, 504,565
Line 539,557, 541,563, 525,571, 520,560

; синий
BrushColor 0201AC
Polygon 604,562, 604,569, 789,569, 789,562
Polygon 604,527, 604,534, 789,534, 789,527
Dashed 630,541, 646,541
Dashed 630,555, 646,555
Dashed 674,541, 674,555
Line 674,541, 646,541, 643,545, 643,551, 646,555, 674,555

Stairs 451,290, 444,293, 449,286
Stairs 409,143, 417,140, 406,135
Stairs 424,146, 430,144, 422,141
Stairs 434,135, 432,129, 442,132
Stairs 441,118, 439,113, 431,122
Stairs 400,134, 398,128, 391,137
Stairs 18,429, 25,436, 29,418
Stairs 20,391, 11,400, 31,402
Stairs 71,338, 83,350, 80,329
Stairs 83,368, 90,375, 90,361
Stairs 96,311, 103,304, 109,324
Stairs 146,335, 157,346, 140,341
Stairs 190,463, 181,454, 183,470
Stairs 186,481, 190,477, 179,474
Stairs 264,553, 272,545, 252,541
Stairs 246,559, 252,553, 237,550
Stairs 230,439, 248,457, 221,448
Stairs 222,431, 214,423, 208,445
Stairs 216,461, 223,468, 212,465

