size 1050x665

BrushColor -1
PenColor AC24AC
AngleTextOut 0,Arial,20,382,130, << Волгоградский проспект
AngleTextOut 0,Arial,20,660,323, Кузьминки >>
AngleTextOut 0,Arial,25,481,221, Текстильщики, 1
PenColor 00AFAF
AngleTextOut 0,Arial,15,753,70, Волгоградский проспект
AngleTextOut 90,Arial,15,363,567, Люблинская улица
AngleTextOut 90,Arial,15,20,411, Шоссейная улица
AngleTextOut 90,Arial,15,94,642, платформа "Текстильщики"
AngleTextOut 90,Arial,15,207,642, платформа "Текстильщики"
PenColor 0
AngleTextOut 90,Arial,15,185,301, Калитники >>
AngleTextOut 90,Arial,15,113,643, << Люблино

BrushColor AC24AC
Polygon 370,155, 765,155, 765,189, 370,189, 
Polygon 370,281, 765,281, 765,315, 370,315, 

BrushColor 808080
Polygon 765,155, 863,155, 863,212, 765,212, 
Polygon 765,315, 863,315, 863,258, 765,258, 
Line 863,212, 887,212, 
Line 863,258, 887,258, 
Line 863,155, 935,155, 935,138, 888,138, 
Line 888,117, 936,117, 936,42, 888,42, 
Line 888,20, 1030,20, 
Line 1030,42, 970,42, 970,117, 1030,117, 
Line 1030,139, 970,139, 970,212, 978,212, 978,258, 970,258, 970,315, 863,315, 
Line 970,275, 917,275, 917,315, 
Line 370,189, 370,198, 313,198, 313,188, 268,188, 268,335, 185,335, 
Line 54,383, 80,383, 80,429, 70,429, 70,645, 
Line 185,645, 185,429, 195,429, 195,383, 185,383, 
Line 131,645, 131,429, 121,429, 121,383, 131,383, 
Line 267,463, 267,383, 234,383, 234,429, 243,429, 243,645, 
Line 267,456, 251,456, 251,580, 324,580, 324,566, 303,566, 
Line 303,537, 324,537, 324,456, 299,456, 
Line 299,463, 299,353, 313,353, 313,271, 370,271, 370,281, 
Line 131,335, 54,335, 
Dashed 267,463, 299,463, 
Dashed 267,397, 299,397, 
Dashed 887,258, 887,212, 
Dashed 789,258, 789,212, 
Stairs 1023,20, 1023,42, 981,20, 
Stairs 891,20, 891,42, 933,20, 
Stairs 981,117, 981,139, 1023,117, 
Stairs 891,117, 891,138, 933,117, 
Stairs 317,198, 317,271, 362,198, 
Stairs 80,388, 121,388, 80,424, 
Stairs 195,390, 234,390, 195,423, 
Dashed 153,335, 163,335, 
Dashed 153,383, 163,383, 

Stairs 135,20, 150,20, 135,645, 1
Stairs 165,20, 181,20, 165,645, 1
Line 139,20, 139,645, 
Line 146,20, 146,645, 
Line 169,20, 169,645, 
Line 176,20, 176,645, 

PenColor FF0000
Arrow 947,159, 947,133, 
Arrow 379,222, 349,222, 
Arrow 128,346, 99,346, 
Arrow 279,471, 279,496, 
Arrow 311,557, 337,557, 
Arrow 206,410, 206,449, 
Arrow 95,401, 95,443, 
PenColor 009900
Arrow 958,133, 958,159, 
Arrow 349,247, 378,247, 
Arrow 99,367, 128,367, 
Arrow 291,496, 291,471, 
Arrow 337,546, 311,546, 
Arrow 111,443, 110,400, 
Arrow 224,449, 224,410, 

