Size 760x560

BrushColor -1
PenColor 84ACBC
AngleTextOut 0, Arial, 20, 502, 240, ул. академика Королёва >>
AngleTextOut 0, Arial, 30, 332, 121, Телецентр
AngleTextOut 0, Arial, 20, 141, 15, << ул.Милашенкова
PenColor 00AFAF
AngleTextOut 0, Arial, 15, 320, 527, ул. Академика Королёва
PenColor 000000

BrushColor 84ACBC
Polygon 132,74, 132,36, 722,36, 722,74
Polygon 132,238, 132,200, 722,200, 722,238

PenColor FF0000
Arrow 267,316, 244,316
Line 326,349, 345,349, 345,316, 267,316
;Arrow 578,182, 578,152
Arrow 156,84, 115,84
PenColor 009900
Arrow 116,190, 155,190
Line 244,428, 345,428, 345,395
Arrow 345,395, 324,395
;Arrow 550,584, 500,584
;Arrow 610,312, 590,312

PenColor 000000

;Правый вестибюль
;Line 664,405, 664,468
Line 34,200, 34,180, 28,180, 22,162, 18,136, 22,110, 28,94, 34,94, 34,74
Line 132,94, 146,94, 154,110, 160,136, 156,162, 148,180, 132,180
Line 34,74, 132,74
Line 132,200, 34,200
Line 132,94, 82,94
Line 132,180, 82,180

;Эскалаторы
Dashed 82,94, 82,180
;Dashed 772,429, 746,429
;Dashed 772,444, 746,444
Dashed 148,180, 196,180
Dashed 146,94, 196,94
Line 156,152, 82,152
Line 156,122, 82,122
Line 256,440, 256,473, 405,473
Line 256,304, 256,271, 405,271
PenColor 777777
Arrow 204,374, 233,374
Arrow 174,138, 204,138
Dashed 204,138, 204,138, 204,374, 204,374
PenColor 000000


Line 256,416, 208,416
Line 256,328, 208,328
Dashed 256,328, 256,416
Line 256,440, 294,440, 294,464, 346,464, 346,440, 382,440, 382,304, 346,304, 346,280, 294,280, 294,304, 256,304
Line 256,390, 218,390
Line 256,358, 218,358

;кассы
Line 382,334, 400,334, 400,384, 382,384
BrushColor -1
AngleTextOut 90, Arial, 14, 383, 379, Кассы

;Лифт

;Железная дорога

;Левый вестибюль
PenColor 000000
Line 722,200, 722,180, 708,180, 700,162, 696,136, 700,110, 708,94, 722,94, 722,74

;Турникеты
Line 256,416, 302,416
Line 256,328, 302,328
;Line 504,510, 507,510, 507,518, 504,518, 504,510
Spline 314,364, 320,368, 320,376, 314,380
Spline 304,364, 298,368, 298,376, 304,380
Line 314,380, 304,380
Line 314,364, 304,364
Line 318,388, 302,388
Line 318,402, 302,402
Line 318,416, 302,416
Line 318,356, 302,356
Line 318,342, 302,342
Line 318,328, 302,328

PenColor 777777
Line 256,473, 215,473, 215,416
Line 256,470, 218,470, 218,416
Line 256,467, 221,467, 221,416
Line 256,464, 224,464, 224,416

Line 256,271, 215,271, 215,328
Line 256,274, 218,274, 218,328
Line 256,277, 221,277, 221,328
Line 256,280, 224,280, 224,328

PenColor 040464
SpotRect 407, -405, 180, 15, LoadVec VDNH-VystavochnyCentr.vec
TextOut Arial, 10, 407, -405, Схема перехода к станции метро "ВДНХ", 5

