size 920x1030
Angle 120

BrushColor -1
PenColor F7782E
AngleTextOut 180,Arial,20,601,812, << Коньково
AngleTextOut 180,Arial,20,383,625, Ясенево >>
AngleTextOut 180,Arial,25,518,720, Теплый Стан, 1
PenColor 00AFAF
AngleTextOut 210,Arial,15,30,501, Новоясеневский проспект
AngleTextOut 210,Arial,15,940,295, улица Теплый Стан
AngleTextOut -65,Arial,15,854,612, Профсоюзная улица
PenColor 0

BrushColor FC9C54
Polygon 278,627, 610,627, 610,661, 278,661, 
Polygon 278,752, 610,752, 610,786, 278,786, 

BrushColor 808080
Polygon 610,627, 664,627, 664,669, 610,669, 
Polygon 610,786, 610,744, 664,744, 664,786, 
Polygon 278,627, 224,627, 224,669, 278,669, 
Polygon 278,786, 278,744, 224,744, 224,786, 
Polygon 740,658, 761,658, 761,755, 740,755, 
Polygon 127,658, 148,658, 148,755, 127,755, 
Line 664,627, 772,627, 772,591, 713,591, 
Line 713,558, 773,558, 773,438, 829,438, 829,379, 
Line 862,379, 862,439, 905,439, 905,377, 
Line 938,377, 938,535, 
Line 904,535, 904,468, 862,468, 862,535, 
Line 828,535, 828,468, 802,468, 802,627, 816,627, 816,786, 664,786, 
Line 224,786, 73,786, 73,626, 87,626, 87,550, 37,550, 
Line 37,517, 87,517, 87,445, 38,445, 
Line 38,412, 175,412, 
Line 175,446, 116,446, 116,517, 175,517, 
Line 175,551, 116,551, 116,627, 224,627, 
Stairs 42,412, 42,445, 82,412, 
Stairs 124,412, 124,446, 175,412, 
Stairs 41,517, 41,550, 81,517, 
Stairs 122,517, 122,551, 171,517, 
Stairs 226,669, 226,744, 276,669, 
Stairs 662,669, 662,744, 602,669, 
Stairs 716,558, 716,591, 766,558, 
Stairs 828,532, 862,532, 828,473, 
Stairs 904,531, 938,531, 904,475, 
Stairs 829,382, 862,382, 829,432, 
Stairs 905,381, 938,381, 905,435, 

PenColor FF0000
Arrow 152,639, 120,639, 
Arrow 293,687, 213,687, 
Arrow 596,687, 677,687, 
Arrow 736,639, 769,639, 
PenColor 009900
Arrow 125,767, 156,767, 
Arrow 214,726, 294,726, 
Arrow 669,726, 595,726, 
Arrow 764,767, 732,767, 

