Size 710x1010
Angle 110

BrushColor -1
PenColor 4C4C4C
AngleTextOut 180, Arial, 20, 212, 630, << Петровско-Разумовская
AngleTextOut 180, Arial, 20, -8, 439, Дмитровская >>
AngleTextOut 180, Arial, 25, 124, 531, Тимирязевская, 1
PenColor 00AFAF
AngleTextOut 180, Arial, 15, 305, 314, Дмитровское шоссе
AngleTextOut 180, Arial, 15, 786, 756, 'платформа "Тимирязевская"'
AngleTextOut 180, Arial, 15, 410, 835, Монорельсовая дорога >>
PenColor 000000

PenColor 040464
SpotRect 204, 797, 210, 15, LoadVec TimiryazevskayaMonorels.vec
AngleTextOut 180, Arial, 10, 407, 810, 'Схема станции монорельса "Тимирязеская"', 5
PenColor 000000

BrushColor 9CA4A4
Polygon -144,441, 217,441, 217,467, -144,467
Polygon -144,574, 217,574, 217,600, -144,600

BrushColor 808080
Polygon 217,441, 436,441, 436,483, 368,483, 368,495, 217,495
Polygon 217,600, 217,546, 368,546, 368,558, 436,558, 436,600
Polygon 506,472, 527,472, 527,569, 506,569
Line 436,441, 500,441, 500,446, 525,446, 525,441, 547,441, 547,395, 485,395
Line 485,374, 547,374, 547,260, 485,260
Line 485,239, 633,239
Line 634,260, 573,260, 573,374, 630,373
Line 630,394, 573,395, 573,819, 631,819

Line 469,688, 547,688, 547,600, 525,600, 525,594, 500,594, 500,600, 436,600
Line 485,839, 631,839
Line 469,703, 547,703, 547,818, 484,818

Line 368,495, 408,495
Line 368,546, 408,546
Line -144,467, -144,574
Dashed 408,495, 408,546
Dashed 270,496, 270,546
Stairs 547,441, 547,600, 536,441
Stairs 489,374, 489,395, 534,374
Stairs 489,239, 489,260, 534,239
Stairs 489,818, 489,839, 534,818
Stairs 579,239, 579,260, 626,239
Stairs 579,374, 579,395, 623,373
Stairs 579,819, 579,839, 625,819
Stairs 547,646, 573,646, 547,633

PenColor FF0000
Arrow 237,528, 265,528
Arrow 504,584, 531,584
PenColor 009900
Arrow 265,510, 237,510
Arrow 529,456, 501,456

