Size 980x380
Angle 19

BrushColor -1
PenColor 84ACBC
AngleTextOut 0, Arial, 25, 541, 216, Тимирязевская, 1
AngleTextOut 0, Arial, 20, 481, 159, << Тупик
AngleTextOut 0, Arial, 20, 580, 287, Улица Милашенкова >>
PenColor 00AFAF
AngleTextOut -90, Arial, 15, 154, -118, 'платформа "Тимирязевская"'
AngleTextOut -90, Arial, 15, 101, -116, 'метро "Тимирязевская"'
AngleTextOut -100, Arial, 15, 991, 187, ул. Яблочкова
PenColor 000000

PenColor 040464
SpotRect 42, 122, 180, 15, LoadVec Timiryazevskaya.vec
TextOut Arial, 10, 42, 122, Схема станции метро "Тимирязеская", 5
PenColor 000000

BrushColor 84ACBC
Polygon 778,265, 778,284, 483,284, 483,265
Polygon 778,183, 778,202, 483,202, 483,183

PenColor FF0000
;Arrow 620,260, 620,208
;Arrow 578,182, 578,152
Arrow 260,225, 216,225
PenColor 009900
Arrow 216,242, 260,242
;Arrow 710,150, 710,180
;Arrow 610,312, 590,312

PenColor 000000
;Правый вестибюль
;Line 664,405, 664,468
Line 778,202, 778,216, 770,216, 767,224, 765,233, 767,243, 770,251, 778,251, 778,265

;Лифт

;Железная дорога

;Левый вестибюль
PenColor 000000
Line 462,202, 462,208, 391,208, 391,260, 462,260, 462,265
Line 462,208, 462,260
Line 462,225, 391,225

Line 462,243, 391,243
Line 391,208, 391,194, 354,194, 354,201
Spline 354,201, 339,191, 321,187, 302,190, 284,201
Line 284,201, 277,201, 277,194, 247,194, 247,217
Line 391,260, 391,273, 354,273, 354,266
Spline 354,266, 340,275, 322,279, 301,275, 285,266
Line 285,266, 277,266, 277,272, 247,272, 247,250
Line 247,272, 247,281, 277,281, 277,272
Line 462,202, 483,202
Line 483,265, 462,265
BrushColor -1
AngleTextOut 0, Arial, 7, 253, 273, Кассы

;Line 348,386, 289,386
;Line 348,487, 289,487
Line 247,250, 229,250
Line 247,217, 229,217
;Ellipse 113,345, 306,528
Spline 229,217, 234,199, 242,185, 254,170
Spline 229,250, 234,267, 243,283, 255,297
BrushColor 808080
;Polygon 115,420, 118,406, 127,387, 141,372, 155,361, 170,353, 189,347, 208,345, 228,347, 245,352, 262,360, 274,369, 283,378, 289,386, 348,386, 348,411, 277,411, 277,397, 240,397, 240,404, 225,394, 207,390, 188,393, 170,404, 163,404, 163,397, 133,397, 133,420
;Polygon 115,453, 133,453, 133,475, 133,484, 163,484, 163,469, 171,469, 187,478, 208,482, 226,478, 240,469, 240,476, 277,476, 277,463, 348,463, 348,487, 289,487, 278,500, 263,512, 244,521, 226,526, 207,527, 188,525, 169,519, 152,509, 136,496, 124,479, 119,467

;Турникеты
Line 302,213, 313,213
Line 302,221, 313,221
Line 302,229, 313,229
Line 313,232, 305,237
Line 318,240, 310,245
Line 323,248, 315,253
Line 320,261, 328,256
Line 324,267, 332,262, 336,268, 328,273, 324,267
Dashed 308,213, 321,187


