Size 720x633
Angle 30

BrushColor -1
AngleTextOut 0, Arial, 15, 245, 339, << тупик
AngleTextOut 0, Arial, 15, 423, 423, Марксистская >>
PenColor AC5C44
AngleTextOut 0, Arial, 25, 316, 319, Третьяковская, 1
AngleTextOut 0, Arial, 15, 243, 418, << Октябрьская
AngleTextOut 0, Arial, 15, 434, 503, Китай-город >>
PenColor FCDC04
AngleTextOut 0, Arial, 25, 314, 317, Третьяковская, 1
AngleTextOut 0, Arial, 15, 244, 338, << тупик
AngleTextOut 0, Arial, 15, 422, 422, Марксистская >>
PenColor 047C54
AngleTextOut -90, Arial, 25, 686, 268, Новокузнецкая, 1
AngleTextOut -90, Arial, 15, 652, 214, << Театральная
AngleTextOut -90, Arial, 15, 571, 272, Павелецкая >>
PenColor 00AFAF
AngleTextOut -120, Arial, 15, 542, 119, улица Пятницкая
AngleTextOut -120, Arial, 15, 267, 208, улица Большая Ордынка
AngleTextOut -120, Arial, 15, 779, 240, улица Новокузнецкая
AngleTextOut -30, Arial, 15, 311, 528, Климентовский переулок
AngleTextOut -30, Arial, 15, -81, 395, Большой Толмачевский переулок
AngleTextOut -30, Arial, 15, -39, 395, << Третьяковская галерея
PenColor 000000

Stairs 594,439, 612,439, 594,455
Stairs 595,404, 595,398, 580,404
Stairs 595,391, 595,384, 580,391
Stairs 595,371, 595,377, 580,371
Stairs 419,481, 413,481, 419,503
Stairs 408,481, 402,481, 408,503
Stairs 397,481, 391,481, 397,503
Stairs 385,396, 380,396, 385,419
Stairs 374,396, 369,396, 374,419
Stairs 396,396, 391,396, 396,419
Stairs 430,375, 424,375, 430,356
Stairs 419,375, 413,375, 419,356
Stairs 408,375, 402,375, 408,356
Stairs 219,493, 202,493, 219,512
Stairs 396,462, 391,462, 396,440
Stairs 385,462, 380,462, 385,440
Stairs 374,462, 369,462, 374,440
Spline 260,484, 251,471, 260,459
Spline 480,484, 490,471, 480,459
Spline 481,400, 490,387, 481,375
Spline 261,375, 252,388, 261,400
Spline 201,400, 210,388, 201,375
Spline 201,459, 209,471, 201,484
Spline 536,459, 529,471, 536,484
Spline 591,545, 603,541, 615,546
Spline 591,517, 603,521, 615,517
Spline 536,400, 529,387, 536,375
Spline 592,153, 603,159, 614,153
Spline 592,242, 603,236, 614,242

BrushColor FCDC04
Polygon 243,363, 243,356, 402,356, 402,363
Polygon 408,363, 408,356, 413,356, 413,363
Polygon 419,363, 419,356, 424,356, 424,363
Polygon 430,363, 430,356, 525,356, 525,363
Polygon 243,447, 243,440, 369,440, 369,447
Polygon 374,447, 374,440, 380,440, 380,447
Polygon 385,447, 385,440, 391,440, 391,447
Polygon 396,447, 396,440, 525,440, 525,447



Line 202,493, 202,517, 148,517, 148,488, 182,488, 182,484
Line 182,459, 201,459
Line 182,459, 182,400
Line 243,496, 243,488
Line 243,455, 243,447
Line 182,484, 201,484
Line 525,496, 525,488
Line 219,493, 219,529, 136,529, 136,375, 201,375
Line 525,447, 525,455
Line 595,377, 564,377, 564,384, 595,384
Line 595,391, 564,391, 564,398, 595,398
Line 374,422, 374,396, 369,396, 369,462, 374,462, 374,437, 380,437, 380,462, 385,462, 385,437, 391,437, 391,462, 396,462, 396,396, 391,396, 391,422, 385,422, 385,396, 380,396, 380,422, 374,422
Line 413,481, 413,528, 408,528, 408,481
Line 402,481, 402,528, 397,528, 397,481
Line 391,481, 391,552, 459,552, 560,581, 615,581, 615,546
Line 419,481, 419,528, 463,528, 564,557, 591,557, 591,545
Line 591,517, 591,510, 580,510



Line 525,412, 525,404
Line 525,363, 525,371
Line 182,400, 201,400
Dashed 182,375, 182,400
Dashed 182,459, 182,484
Dashed 201,400, 243,400
Dashed 201,375, 243,375
Dashed 525,484, 536,484
Dashed 525,459, 536,459
Dashed 536,375, 525,375
Dashed 536,400, 525,400
Dashed 542,400, 542,375
Dashed 615,546, 615,517
Dashed 591,545, 591,517
Dashed 592,153, 592,214
Dashed 614,153, 614,214
Dashed 592,138, 614,138
Dashed 592,256, 613,256


BrushColor FC9C54
Polygon 243,419, 243,412, 369,412, 369,419
Polygon 374,419, 374,412, 380,412, 380,419
Polygon 385,419, 385,412, 391,412, 391,419
Polygon 396,419, 396,412, 525,412, 525,419
Polygon 243,503, 243,496, 391,496, 391,503
Polygon 397,503, 397,496, 402,496, 402,503
Polygon 408,503, 408,496, 413,496, 413,503
Polygon 419,503, 419,496, 525,496, 525,503
BrushColor 047C54
Polygon 573,214, 580,214, 580,371, 573,371
Polygon 573,404, 580,404, 580,455, 573,455
Polygon 573,488, 580,488, 580,510, 573,510
Polygon 626,214, 633,214, 633,510, 626,510
Polygon 573,398, 573,391, 580,391, 580,398
Polygon 573,384, 573,377, 580,377, 580,384


Line 430,356, 430,375
Line 424,375, 424,356, 419,356, 419,375
Line 413,375, 413,356, 408,356, 408,375
Line 402,375, 402,356, 430,356
Line 619,214, 626,214
;Dashed 594,216, 578,202, 616,146, 616,216Dashed 593,512, 617,512
Dashed 591,552, 615,552
Dashed 473,459, 473,484
Dashed 542,459, 542,484
Dashed 474,375, 474,400
Dashed 280,459, 280,484
Dashed 280,400, 280,375
Dashed 201,484, 243,484
Dashed 201,459, 243,459

BrushColor 808080
Polygon 153,375, 153,385, 148,385, 148,375
Polygon 148,396, 148,417, 153,417, 153,396
Polygon 148,466, 148,445, 153,445, 153,466
Polygon 243,488, 324,488, 324,484, 243,484
Polygon 243,455, 243,459, 324,459, 324,455
Polygon 580,464, 580,479, 594,479, 594,464
Polygon 619,214, 619,290, 614,290, 614,214
Polygon 592,214, 592,290, 587,290, 587,214
Polygon 148,478, 153,478, 153,488, 148,488
Polygon 243,371, 324,371, 324,375, 243,375
Polygon 243,404, 243,400, 324,400, 324,404
Polygon 525,455, 460,455, 460,459, 525,459
Polygon 460,484, 525,484, 525,488, 460,488
Polygon 525,371, 525,375, 460,375, 460,371
Polygon 525,400, 525,404, 460,404, 460,400



Line 243,404, 243,412
Line 243,371, 243,363
Line 608,188, 598,188, 590,186, 583,183, 576,192
Line 567,185, 575,176, 570,169, 559,169
Line 559,159, 573,159, 573,151
Line 592,138, 592,153
Line 614,153, 614,138
Line 580,214, 587,214
Line 615,517, 615,510, 615,510, 615,510, 626,510
Spline 592,138, 585,146, 586,163, 603,173, 620,163, 621,146, 614,138
Spline 567,159, 570,138, 584,122, 604,118, 622,123, 634,138, 638,155, 634,171, 624,182, 608,188
Line 612,439, 612,488, 542,488, 542,484, 536,484
Line 594,439, 594,455, 542,455, 542,459, 536,459
Line 595,404, 542,404, 542,400, 536,400
Line 595,371, 542,371, 542,375, 536,375



;Arrow 609,501, 623,501, 2


;красный
PenColor FF0000
Arrow 242,382, 219,382, 2
Arrow 175,390, 158,390, 2
Arrow 175,472, 159,472, 2
Arrow 599,221, 599,200, 2
Arrow 581,133, 578,147, 2
Arrow 553,164, 527,164, 2
Arrow 242,477, 219,477, 2
Arrow 498,395, 521,395, 2

;зелёный
PenColor 009900
Arrow 219,393, 242,393, 2
Arrow 143,431, 162,431, 2
Arrow 627,169, 630,155, 2
Arrow 607,200, 607,221, 2
Arrow 554,211, 571,189, 2
Arrow 219,466, 242,466, 2
Arrow 603,412, 603,435, 2
Arrow 522,471, 498,471, 2
Arrow 603,538, 603,524, 2
Arrow 420,540, 455,540, 2
Line 394,524, 394,540, 420,540, 2
Line 405,524, 405,540, 2
Line 416,524, 416,540, 2

Arrow 521,380, 498,380, 2
