Size 720x1100
Angle -60

BrushColor -1
PenColor 046434
AngleTextOut 0, Arial, 20, 53, 458, << Кантемировская
AngleTextOut 0, Arial, 20, 403, 620, Орехово >>
AngleTextOut 0, Arial, 25, 249, 536, Царицыно, 1
PenColor 00AFAF
AngleTextOut 0, Arial, 15, 226, 416, Луганская улица
AngleTextOut 90, Arial, 15, 722, 461, Каспиская улица
AngleTextOut 0, Arial, 15, 730, 684, к пригородным поездам >>
AngleTextOut 0, Arial, 15, 729, 702, 'усадьба "Царицыно" >>'
PenColor 000000

PenColor 040464
BrushColor -1
SpotRect 629, 733, 270, 18, LoadVec TSaritsynoZhD.vec
TextOut Arial, 15, 629, 733, Схема ж/д платформы "Царицыно", 5
PenColor 000000

BrushColor 046434
Polygon 141,480, 420,480, 420,507, 141,507
Polygon 141,587, 451,587, 451,614, 141,614

BrushColor 808080
Polygon 420,480, 542,480, 542,518, 420,518
Polygon 141,480, 58,480, 58,518, 164,518, 164,513, 141,513
Polygon 141,614, 141,581, 164,581, 164,576, 58,576, 58,614
Polygon 451,614, 451,581, 420,581, 420,576, 542,576, 542,614
Polygon 644,511, 679,511, 679,583, 644,583
Polygon -63,511, -28,511, -28,583, -63,583
Line 542,480, 643,480, 643,483, 682,483, 682,479, 732,479, 732,648, 775,648, 775,616
Line 795,616, 795,648, 817,648
Line 817,679, 661,679
Line 661,648, 692,648, 692,613, 681,613, 681,610, 643,610, 643,614, 542,614
Line 58,480, -27,480, -27,483, -65,483, -65,479, -75,479, -75,335, -56,335
Line -56,305, -132,305
Line -132,336, -115,336, -115,679, -38,679
Line -38,648, -75,648, -75,613, -64,613, -64,610, -26,610, -26,614, 58,614
Line 72,542, 149,542
Line 452,542, 529,542
Dashed 459,542, 459,576
Dashed 522,576, 522,542
Dashed 141,576, 141,542
Dashed 79,542, 79,576
Stairs 775,619, 795,619, 775,631
Stairs 663,648, 663,679, 687,648
Stairs 513,542, 513,518, 489,542
Stairs 481,542, 481,518, 457,542
Stairs 144,542, 144,518, 120,542
Stairs 112,542, 112,518, 88,542
Stairs -42,679, -42,648, -70,679
Stairs -58,335, -58,305, -70,335
Stairs -131,336, -131,305, -119,336
Stairs 817,648, 817,679, 803,648

PenColor FF0000
Arrow 636,597, 684,597
Arrow 470,558, 503,558
Arrow 123,558, 90,558
Arrow -19,597, -67,597
PenColor 009900
Arrow 690,496, 632,496
Arrow 495,530, 442,530
Arrow 107,530, 156,530
Arrow -71,496, -15,496

