Size 1000x1100
Angle -60

PenColor 040464
BrushColor -1
SpotRect 67, 237, 250, 18, LoadVec TSaritsyno.vec
TextOut Arial, 15, 67, 237, Схема cтанции метро "Царицыно", 5

BrushColor -1
PenColor 046434
AngleTextOut 0, Arial, 20, -224, 254, << Кантемировская
AngleTextOut 0, Arial, 20, -42, 418, Орехово >>
AngleTextOut 0, Arial, 25, -121, 337, Царицыно, 1
PenColor 000000
AngleTextOut 90, Arial, 20, 442, 1053, << Покровская
AngleTextOut 90, Arial, 20, 763, 648, Москворечье >>
AngleTextOut 90, Arial, 25, 349, 940, платформа Царицыно, 1
PenColor 00AFAF
AngleTextOut 0, Arial, 15, -144, 217, Луганская улица
AngleTextOut 0, Arial, 15, 539, 277, Новоцарицынское шоссе
AngleTextOut 90, Arial, 15, 352, 262, Каспиская улица
AngleTextOut 0, Arial, 15, 971, 288, 'усадьба "Царицыно" >>'
AngleTextOut 90, Arial, 13, 835, 566, Радиорынок
AngleTextOut 270, Arial, 13, -312, 281, Кассы
AngleTextOut 90, Arial, 13, 172, 319, Кассы
AngleTextOut 90, Arial, 9, 172, 413, Милиция
AngleTextOut 90, Arial, 13, 545, 706, Кассы
AngleTextOut 0, Arial, 13, 625, 901, Касса
AngleTextOut 0, Arial, 13, 574, 1071, пешеходный мост
AngleTextOut 90, Arial, 13, 511, 743, От Москвы
AngleTextOut 90, Arial, 13, 712, 741, В Москву
PenColor 000000

PenColor A0A0A0
Line 460,450, 501,450
Line 460,480, 502,480

; начало ЖД платформа
PenColor C0C0C0
BrushColor C0C0C0
Polygon 500,565, 530,565, 530,758, 570,758, 570,781, 530,781, 530,1060, 500,1060
Polygon 730,565, 700,565, 700,637, 677,637, 677,664, 700,664, 700,840, 677,840, 677,860, 700,860, 700,1000, 678,1000, 678,1020, 700,1020, 700,1060, 730,1060

PenColor 000000
Railway 20, 30, 5, 470,1060, 470,233
Railway 20, 30, 5, 740,1060, 740,233
Railway 20, 30, 5, 932,1060, 932,233
Line 548,739, 548,758, 530,758, 530,565, 500,565, 500,1060, 530,1060, 530,1022, 553,1022
Line 553,1000, 530,1000, 530,862, 553,862
Line 553,840, 530,840, 530,781, 570,781, 570,739
Line 700,637, 700,538
Line 730,538, 730,1060, 700,1060, 700,1020, 678,1020, 678,980
Line 700,1000, 700,860, 677,860, 677,821
Line 700,840, 700,664, 677,664, 677,614
Line 534,651, 566,651, 566,714, 534,714, 534,651
Line 700,808, 570,808, 570,781, 700,781
Line 700,960, 576,960, 576,873, 700,873, 700,872

Line 659,960, 659,1061
Line 595,960, 595,1061
Stairs 677,614, 700,614, 677,637
Stairs 700,538, 730,538, 700,565
Stairs 677,821, 700,821, 677,840
Stairs 678,980, 700,980, 678,1000
Stairs 553,1000, 553,1022, 530,1000
Stairs 553,840, 553,862, 530,840
Stairs 548,739, 570,739, 548,758
Stairs 603,1011, 625,1011, 603,1065
Stairs 429,1039, 408,1039, 429,1068
Stairs 968,1131, 990,1131, 968,1090

; пеш.мост
Line 990,1131, 990,1068, 625,1068, 625,1011
Line 603,1011, 603,1068, 429,1068, 429,1039
Line 408,1039, 408,1090, 968,1090, 968,1131

; мост
Line 447,255, 459,267, 459,318, 447,330, 3
Line 513,255, 501,267, 501,318, 513,330, 3
Line 716,255, 728,267, 728,318, 716,330, 3
Line 782,255, 770,267, 770,318, 782,330, 3
Line 909,255, 921,267, 921,318, 909,330, 3
Line 975,255, 963,267, 963,318, 975,330, 3

; конец ЖД платформа

BrushColor 046434
Polygon -229,281, 50,281, 50,308, -229,308
Polygon -229,388, 61,388, 61,415, -229,415

BrushColor 808080
Polygon 50,281, 172,281, 172,319, 50,319
Polygon -229,281, -312,281, -312,319, -206,319, -206,314, -229,314
Polygon -229,415, -229,382, -206,382, -206,377, -312,377, -312,415
Polygon 61,415, 61,383, 50,383, 50,377, 172,377, 172,415
Polygon 274,312, 309,312, 309,384, 274,384
Polygon -433,312, -398,312, -398,384, -433,384
Line 172,281, 273,281, 273,284, 312,284, 312,280, 362,280, 362,449, 405,449, 405,409
Line 425,409, 425,450, 460,450
Line 501,450, 549,450
Line 291,480, 460,480
Line 502,480, 549,480
Line 291,449, 322,449, 322,414, 311,414, 311,411, 273,411, 273,415, 172,415
Line -312,281, -397,281, -397,284, -435,284, -435,280, -445,280, -445,136, -426,136
Line -426,106, -502,106
Line -502,137, -485,137, -485,480, -408,480
Line -408,449, -445,449, -445,414, -434,414, -434,411, -396,411, -396,415, -312,415
Line -298,343, -221,343
Line 82,343, 159,343
Dashed 89,343, 89,377
Dashed 152,377, 152,343
Dashed -229,377, -229,343
Dashed -291,343, -291,377
Stairs 405,412, 425,412, 405,438
Stairs 293,449, 293,480, 317,449
Stairs 143,343, 143,319, 119,343
Stairs 111,343, 111,319, 87,343
Stairs -226,343, -226,319, -250,343
Stairs -258,343, -258,319, -282,343
Stairs -412,480, -412,449, -440,480
Stairs -428,136, -428,106, -440,136
Stairs -501,137, -501,106, -489,137
Stairs 549,450, 549,480, 531,450
Stairs 441,450, 441,480, 450,450
Stairs 508,450, 508,480, 522,450

PenColor FF0000
Arrow 262,398, 320,398
Arrow 100,359, 133,359
Arrow -247,359, -280,359
Arrow -386,398, -441,398
Arrow 688,642, 688,601
Arrow 556,762, 566,726
Arrow 716,570, 716,524
Arrow 520,1014, 570,1014
Arrow 692,1007, 692,974
Arrow 685,946, 651,946, 651,973
Arrow 607,946, 638,946, 638,973

PenColor 009900
Arrow 320,297, 262,297
Arrow 125,331, 72,331
Arrow -263,331, -214,331
Arrow -441,297, -385,297
Arrow 621,773, 621,820
Arrow 688,819, 688,848
Arrow 564,851, 517,851
Arrow 645,967, 645,940, 677,940
Arrow 685,976, 685,1009
Arrow 645,967, 645,940, 613,940
Arrow 563,1007, 518,1007
Arrow 634,773, 634,820
Arrow 647,773, 647,820
