size 414x825
Angle 80

BrushColor -1
PenColor 4C4C4C
AngleTextOut 0,Arial,20,199,537, Серпуховская >>
AngleTextOut 0,Arial,20,76,353, << Нагатинская
AngleTextOut 0,Arial,25,156,443, Тульская, 1
PenColor 00AFAF
AngleTextOut 0,Arial,15,142,234, Большая Тульская улица
PenColor 0

BrushColor 9CA4A4
Polygon 71,376, 344,376, 344,410, 71,410, 
Polygon 71,501, 344,501, 344,535, 71,535, 

BrushColor 808080
Polygon 344,376, 344,418, 450,418, 450,376, 
Polygon 344,535, 344,493, 451,493, 451,535, 
Polygon 71,376, 71,418, -36,418, -36,376, 
Polygon 71,535, 71,493, -35,493, -35,535, 
Polygon -144,407, -123,407, -123,504, -144,504, 
Polygon 538,407, 559,407, 559,504, 538,504, 
Polygon -26,449, 71,449, 71,455, -26,455, 
Polygon 344,456, 441,456, 441,462, 344,462, 
Line 450,376, 564,376, 564,328, 460,328, 
Line 460,307, 587,307, 587,535, 451,535, 
Line -36,376, -149,376, -149,328, -44,328, 
Line -44,307, -170,307, -170,535, -35,535, 
Dashed 441,462, 441,493, 
Dashed 369,462, 369,493, 
Dashed 47,418, 47,449, 
Dashed -26,449, -26,418, 
Stairs 464,307, 464,328, 508,307, 
Stairs 361,418, 361,456, 427,418, 
Stairs -10,455, -10,493, 55,455, 
Stairs -92,307, -92,328, -48,307, 

PenColor FF0000
Arrow 337,475, 363,475, 
Arrow 80,435, 53,435, 
;Arrow 13,464, 53,464, 
Arrow -121,389, -149,389, 
Arrow 537,517, 565,517, 
PenColor 009900
Arrow 394,438, 353,438, 
Arrow -147,517, -120,517, 
Arrow 563,390, 535,390, 

