Size 1030x1030

; Тургеневская

; пути
BrushColor FC9C54
Polygon 395,501, 395,113, 381,113, 381,501
Polygon 474,113, 488,113, 488,501, 474,501

; платформа
BrushColor FFFFFF
;BrushColor C0C0C0
Polygon 395,113, 409,113, 409,215, 460,215, 460,113, 474,113, 474,501, 460,501, 460,417, 447,417, 447,428, 422,428, 422,417, 409,417, 409,501, 395,501

; Надписи
BrushColor -1
PenColor F7782E
AngleTextOut 90, Arial, 20, 486, 460, Сухаревская >>
AngleTextOut 90, Arial, 20, 359, 421, << Китай-город
AngleTextOut 90, Arial, 25, 408, 393, Тургеневская, 1
PenColor 000000

; Эскалатор
BrushColor D0D0D0
;BrushColor 80FFFF
Polygon 422,428, 447,428, 447,676, 422,676

; Стрелки
PenColor FF0000
Arrow 429,560, 429,668
PenColor 009900
Arrow 438,668, 438,560
PenColor 000000

; Переход
BrushColor FFFFFF
;BrushColor D05080
Polygon 464,327, 464,317, 481,317, 481,307, 464,307, 464,297, 481,297, 481,286, 464,286, 464,276, 486,276, 516,291, 751,488, 764,472, 778,484, 736,534, 722,522, 736,506, 506,313, 486,327

; Лестницы
BrushColor 99B499
;BrushColor 80FF80
Polygon 464,327, 464,317, 445,317, 445,327
Polygon 464,307, 464,297, 445,297, 445,307
Polygon 464,286, 464,276, 445,276, 445,286

; Стрелки
PenColor 000000
Arrow 606,377, 690,448
Arrow 684,454, 601,384
Arrow 453,281, 475,281
Arrow 475,322, 452,322

Opaque 80

; Чистые пруды

; пути
BrushColor E41C0C
Polygon 585,627, 594,635, 848,333, 838,325
Polygon 901,378, 911,386, 657,688, 647,680

; платформа
BrushColor FFFFFF
;BrushColor C0C0C0
Polygon 848,333, 858,341, 794,418, 827,446, 891,370, 901,378, 647,680, 638,672, 682,619, 674,612, 660,629, 641,613, 656,596, 649,590, 604,643, 594,635

; Надписи
BrushColor -1
PenColor E41C0C
AngleTextOut 50, Arial, 20, 562, 619, << Лубянка
AngleTextOut 50, Arial, 20, 833, 485, Красные ворота >>
AngleTextOut 50, Arial, 25, 690, 580, Чистые пруды, 1
PenColor 000000

; Эскалатор
BrushColor D0D0D0
;BrushColor 80FFFF
Polygon 707,540, 722,522, 736,534, 721,552
Polygon 778,484, 764,472, 779,454, 793,466
Polygon 641,613, 660,629, 549,761, 530,745
Polygon 804,427, 832,393, 844,403, 816,437

; Стрелки
PenColor FF0000
Arrow 616,672, 561,737
PenColor 009900
Arrow 552,730, 607,664
PenColor 000000
Arrow 720,538, 736,519
Arrow 766,485, 782,466


; Сретенский бульвар

; пути
BrushColor 84BC54
Polygon 620,117, 616,129, 855,216, 860,204
Polygon 588,208, 592,196, 830,283, 826,294

; платформа
BrushColor FFFFFF
;BrushColor C0C0C0
Polygon 592,196, 616,129, 855,216, 830,283

; Надписи
BrushColor -1
PenColor 84BC54
AngleTextOut -20, Arial, 20, 633, 95, << Трубная
AngleTextOut -20, Arial, 20, 704, 249, Чкаловская >>
AngleTextOut -20, Arial, 25, 615, 148, Сретенский бульвар, 1
PenColor 000000

; Эскалатор
BrushColor D0D0D0
;BrushColor 80FFFF
Polygon 576,166, 532,166, 532,145, 576,145

; лестница
BrushColor 99B499
;BrushColor 80FF80
Polygon 870,279, 883,243, 849,231, 836,267


; Подземные переходы
BrushColor FFFFFF
;BrushColor D05080
PenColor D05080
Polygon 422,215, 446,215, 446,182, 492,182, 492,171, 456,171, 456,161, 492,161, 492,151, 456,151, 456,141, 492,141, 492,128, 422,128
Polygon 492,182, 492,128, 508,128, 532,135, 532,175, 508,182
PenColor 000000
Line 422,215, 422,128, 508,128, 532,135, 532,175, 508,182, 446,182, 446,215
Line 456,151, 456,141, 492,141, 492,151, 456,151
Line 456,171, 456,161, 492,161, 492,171, 456,171

Polygon 826,388, 850,408, 947,292, 894,247, 883,243, 870,279, 879,282, 900,300
BrushColor FFFFFF
Polygon 895,338, 887,331, 907,307, 915,314
BrushColor FFFFFF
;BrushColor D05080

Polygon 576,174, 576,137, 592,136, 611,143, 598,178, 587,174
Polygon 263,377, 275,362, 454,513, 312,682, 299,671, 429,516
Polygon 364,661, 393,626, 422,650, 422,676, 447,676, 447,650, 422,650, 393,626, 419,596, 513,675, 473,722, 504,748, 516,734, 563,773, 550,788, 627,852, 633,852, 657,824, 668,834, 639,868, 612,870
Polygon 623,832, 627,835, 645,814, 641,811
Polygon 662,865, 666,868, 684,847, 680,844
Line 447,650, 455,657
Line 488,685, 497,693
Line 507,781, 512,775
Line 529,785, 560,810

; милиция и $
BrushColor F0A0B0
Polygon 484,708, 476,701, 485,691, 493,698
Polygon 421,709, 427,701, 445,716, 439,724

; Турникеты на вход
BrushColor 0000FF
Polygon 453,659, 457,655, 490,683, 486,687
Polygon 512,775, 515,771, 530,783, 527,787

; Турникеты на выход
BrushColor FF0000
Polygon 543,796, 548,800, 555,792, 550,788

; Лестницы наружу
BrushColor 99B499
;BrushColor 80FF80
Polygon 277,364, 286,372, 318,334, 309,326
Polygon 265,374, 273,364, 241,337, 233,347
Polygon 369,441, 377,448, 405,415, 397,408
Polygon 435,535, 444,525, 479,554, 470,564
Polygon 384,596, 398,579, 432,607, 417,624
Polygon 268,645, 278,633, 309,659, 299,671
Polygon 312,682, 322,670, 355,698, 345,710
Polygon 627,835, 645,814, 657,824, 639,845
Polygon 644,839, 652,830, 640,820, 632,829
Polygon 662,865, 680,844, 668,834, 650,855
Polygon 655,849, 663,840, 675,850, 667,859

; Эскалатор
BrushColor D0D0D0
;BrushColor 80FFFF
Polygon 344,644, 360,625, 392,652, 376,671

; Стрелки
PenColor AF0000
Arrow 554,799, 603,840, 2
Arrow 391,668, 347,631, 2
PenColor 005900
Arrow 387,584, 433,623, 2
Arrow 585,838, 530,792, 2

; Надписи
BrushColor -1
PenColor 00AFAF
AngleTextOut -45, Arial, 15, 706, 893, Чистопрудный бульвар
AngleTextOut -30, Arial, 15, 56, 365, Сретенский бульвар
AngleTextOut 45, Arial, 15, 939, 357, Мясницкая улица
AngleTextOut 65, Arial, 15, 308, 989, Мясницкая улица
AngleTextOut 75, Arial, 15, 11, 698, Фролов пер.
AngleTextOut 45, Arial, 15, 555, 153, Проспект Академика Сахарова
PenColor 000000
AngleTextOut 0, Arial, 15, 685, 806, кассы
AngleTextOut 0, Arial, 15, 750, 922, Трамваи
AngleTextOut 0, Arial, 15, 760, 941, "А, 3, 39"
AngleTextOut 0, Arial, 15, 418, 823, Почтамт
AngleTextOut 0, Arial, 15, 376, 715, милиция
AngleTextOut 0, Arial, 15, 251, 577, кассы метро
AngleTextOut 0, Arial, 15, 253, 600, авиакасы
AngleTextOut 0, Arial, 13, 482, 693, $

Opaque 20

; Улицы
PenColor 80EFEF
Line 178,527, 725,-1, 20
Line 76,468, -5,814, 20
Line 1038,279, 592,680, 432,763, 292,1037, 20
Line 1036,1023, 276,433, -19,265, 20
Line 755,1038, 188,533, 16,431, -19,416, 20
Spline 868,895, 772,885, 720,941, 739,1023, 20

BrushColor FFFFFF
