Size 1360x1080
Angle -20

Railway 10, 13, 5, 416,249, 1248,250
Railway 10, 13, 5, 402,185, 1248,186
Railway 10, 13, 5, 402,170, 1248,171
Railway 10, 13, 5, 402,155, 1248,156
Railway 10, 13, 5, 402,140, 1248,141
Railway 10, 13, 5, 1244,151, 1216,150, 1192,147, 1169,141, 1148,134, 1123,122, 1103,110, 1084,96
Line 1081,98, 1092,85, 2

BrushColor C0C0C0
Polygon 482,212, 488,213, 488,203, 1248,203, 1248,243, 488,243, 488,232, 482,233
PenColor C0C0C0
Polygon 618,307, 618,267, 1248,267, 1248,307
PenColor 000000

BrushColor 808080
Polygon 543,243, 543,232, 590,232, 590,243
PenColor 808080
Polygon 698,307, 698,331, 764,397, 908,397, 908,307
PenColor 000000
Line 698,307, 698,331
Line 808,307, 788,337, 788,397, 828,397, 828,357, 908,357
Line 908,377, 828,377
Line 718,351, 762,307
Line 788,397, 764,397
Dashed 908,397, 828,397
Dashed 698,331, 764,397
Dashed 788,348, 753,316
Line 698,307, 618,307, 618,267, 1248,267, 1248,307, 1124,307, 1124,343
Line 1076,343, 1076,307, 908,307, 908,397
Line 1100,307, 1100,343
Dashed 1076,343, 1124,343
Dashed 1076,307, 1124,307
Dashed 1076,326, 1124,326

Dashed 608,243, 608,203
Dashed 628,243, 628,203
Line 608,223, 628,223

BrushColor -1
PenColor AC24AC
AngleTextOut 90, Arial, 20, 423, 662, Сходненская >>
AngleTextOut 90, Arial, 20, 232, 849, << Щукинская
AngleTextOut 90, Arial, 25, 326, 745, Тушинская, 1
PenColor 00AFAF
AngleTextOut 0, Arial, 15, 434, 72, Тушинская улица
AngleTextOut 0, Arial, 15, 537, 423, проезд Стратонавтов
AngleTextOut 0, Arial, 15, 98, 396, проезд Стратонавтов
AngleTextOut 0, Arial, 15, 270, 1179, Волоколамское шоссе
PenColor FFFFFF
AngleTextOut 0, Arial, 15, 850, 358, Кассы
AngleTextOut 0, Arial, 15, 547, 228, Кассы
PenColor 000000
AngleTextOut 0, Arial, 25, 769, 210, 'платформа "Тушино"'
AngleTextOut 0, Arial, 25, 838, 274, 'платформа "Тушино"'
AngleTextOut 0, Arial, 20, 255, 174, << Трикотажная
AngleTextOut 0, Arial, 20, 1018, 346, Покровское-Стрешнево >>

BrushColor AC24AC
Polygon 419,527, 419,854, 385,854, 385,527
Polygon 295,527, 295,854, 261,854, 261,527

BrushColor 808080
Polygon 261,854, 303,854, 303,915, 261,915
Polygon 419,854, 378,854, 378,915, 419,915
Polygon 419,527, 419,420, 377,420, 377,527
Polygon 261,527, 302,527, 302,421, 261,421
Polygon 389,995, 389,1016, 293,1016, 293,995
Polygon 388,313, 388,334, 292,334, 292,313
Line 419,915, 419,997, 414,997, 414,1021, 490,1021, 490,1097
Line 467,1097, 467,1047, 196,1047, 196,1091
Line 174,1091, 174,1021, 267,1021, 267,997, 261,997, 261,915
Line 261,421, 261,332, 266,332, 266,307, 231,307, 231,380
Line 209,380, 209,284, 442,284, 442,114
Line 442,114, 464,114, 514,114
Line 514,133, 464,133, 464,213, 514,213
Line 514,233, 478,233, 478,263, 464,263, 464,350
Line 442,350, 442,307, 414,307, 414,333, 419,333, 419,420
Line 302,421, 302,413
Line 377,420, 377,413
Dashed 377,503, 302,503
Dashed 377,413, 302,413
Stairs 490,1061, 467,1061, 490,1097
Stairs 196,1059, 174,1059, 196,1091
Stairs 379,857, 303,857, 378,915
Stairs 231,312, 209,312, 231,377
Stairs 464,311, 442,311, 464,347
Stairs 514,114, 514,133, 470,114
Stairs 514,213, 514,233, 482,212

BrushColor FFFFFF
Polygon 1133,90, 1147,90, 1147,314, 1188,314, 1188,328, 1133,328
Stairs 1188,314, 1188,328, 1162,314
Stairs 1133,90, 1147,90, 1133,116

PenColor FF0000
Arrow 403,994, 403,1022
Arrow 359,532, 359,507
Arrow 403,336, 403,308
Arrow 638,213, 598,213
Arrow 731,317, 714,334
Arrow 1088,317, 1088,336
PenColor 009900
Arrow 282,1020, 282,992
Arrow 325,507, 325,532
Arrow 281,310, 281,338
Arrow 598,233, 638,233
Arrow 753,347, 775,322
Arrow 1112,336, 1112,317
