size 733x910
Angle -60

BrushColor -1
PenColor AC24AC
AngleTextOut 0,Arial,20,239,253, << Беговая
AngleTextOut 0,Arial,20,397,438, Баррикадная >>
AngleTextOut 0,Arial,25,259,344, Улица 1905 года, 1
PenColor 00AFAF
AngleTextOut 0,Arial,15,-87,361, улица 1905 года
AngleTextOut -40,Arial,15,627,622, улица 1905 года
AngleTextOut 45,Arial,15,752,558, улица Красная Пресня
AngleTextOut 45,Arial,15,438,897, улица Звенигородское шоссе
PenColor 0

BrushColor AC24AC
Polygon 231,276, 533,276, 533,310, 231,310, 
Polygon 231,401, 533,401, 533,435, 231,435, 

BrushColor 808080
Polygon 231,276, 231,318, 170,318, 170,276, 
Polygon 231,435, 231,393, 170,393, 170,435, 
Polygon 69,307, 90,307, 90,404, 69,404, 
Polygon 533,310, 533,334, 459,334, 459,310, 
Polygon 533,401, 533,377, 459,377, 459,401, 
Line 533,334, 583,334, 
Line 533,377, 583,377, 
Line 709,277, 725,263, 
Line 733,314, 754,294, 
Line 669,444, 669,485, 673,485, 673,497, 676,497, 
Line 613,444, 613,485, 609,485, 609,497, 606,497, 
Line 170,276, 19,276, 19,500, -61,500, 
Line 170,435, 64,435, 64,500, 145,500, 
Line 145,522, -61,522, 
Dashed 583,334, 583,377, 
Dashed 468,334, 468,377, 
Spline 733,314, 740,348, 734,385, 714,419, 687,438, 669,444, 
Spline 613,444, 595,437, 573,421, 557,400, 550,385, 544,377, 538,369, 532,355, 537,340, 544,332, 548,323, 557,299, 575,280, 600,261, 622,254, 643,251, 666,255, 684,261, 697,268, 709,277, 
Stairs 170,393, 170,318, 237,393, 
Stairs 142,500, 142,522, 75,500, 
Stairs -58,500, -58,522, 9,500, 

PenColor FF0000
Arrow 712,305, 744,273, 
Arrow 92,292, 64,292, 

PenColor 009900
Arrow 641,488, 641,437, 
Arrow 66,418, 94,418, 

