Size 1000x600
Angle 35

PenColor 84ACBC
AngleTextOut 0, Arial, 20, 277, 173, << Тимирязевская
AngleTextOut 0, Arial, 30, 468, 123, Ул. Милашенкова
AngleTextOut 0, Arial, 20, 780, 348, Телецентр >>
PenColor 00AFAF
AngleTextOut -100, Arial, 15, 55, 138, Улица Милашенкова
PenColor 000000

BrushColor 84ACBC
Polygon 893,318, 893,340, 452,340, 452,318
Polygon 718,202, 718,224, 276,224, 276,202

PenColor FF0000
Arrow 640,589, 640,538
Line 640,538, 640,436, 469,436, 469,468
Arrow 469,468, 496,468
Arrow 577,259, 617,259, 617,237
PenColor 009900
Arrow 561,538, 561,590
Line 561,538, 561,525, 486,525, 486,495, 497,495
Arrow 617,303, 617,284, 576,284


PenColor 000000
;Верхний
Line 276,224, 276,271
Line 893,318, 893,271
Line 596,295, 501,295, 501,247, 596,247
Line 652,247, 637,247, 637,295, 652,295
Dashed 501,272, 596,272
Dashed 596,247, 596,295

Spline 652,247, 663,251, 671,259, 674,271, 671,284, 663,292, 652,295
Spline 501,247, 491,250, 483,256, 478,265, 478,277, 483,287, 491,293, 501,295
Spline 276,271, 296,284, 326,298, 360,307, 396,313, 432,317, 452,318
Spline 718,224, 752,227, 783,233, 817,241, 847,250, 873,261, 893,271

BrushColor -1

;Эскалаторы
Dashed 502,458, 502,506
Dashed 501,482, 596,482

;кассы
BrushColor -1
AngleTextOut -90, Arial, 14, 681, 431, Кассы
Line 665,476, 683,476, 683,416

;Нижний
PenColor 000000
Line 417,425, 536,414, 665,414, 779,426, 779,539, 665,549, 655,549
Line 544,549, 536,549, 417,539, 417,425
Line 574,549, 623,549
Line 536,549, 536,560, 544,563
Line 575,571, 582,573, 616,573, 623,571
Line 655,563, 662,560, 662,549
Line 665,549, 665,414
Line 471,543, 471,482, 501,482
Line 502,458, 596,458, 596,506, 502,506

;Турникеты
Line 502,517, 517,517
Line 502,528, 517,528
Line 502,539, 518,539
Line 601,420, 618,420
Line 601,430, 618,430
Line 601,440, 618,440
Line 601,451, 618,451
Line 602,461, 616,461
Line 602,471, 616,471
Spline 616,471, 618,466, 616,461
Spline 602,471, 600,466, 602,461

