Size 740x560
Angle 30

BrushColor -1
PenColor 2D69FC
AngleTextOut 0, Arial, 30, 130, 271, Улица Горчакова, 1
AngleTextOut 0, Arial, 20, 227, 388, Бульвар адмирала Ушакова >>
AngleTextOut 0, Arial, 20, 31, 154, << Бунинская аллея
PenColor 00AFAF
AngleTextOut -90, Arial, 15, 762, 200, улица Горчакова
AngleTextOut 0, Arial, 15, 503, 420, Черневская улица
PenColor 000000
AngleTextOut 0, Arial, 15, 614, 354, Касса

BrushColor 8CBCFC
Polygon 30,215, 30,177, 493,177, 493,215
Polygon 30,390, 30,352, 493,352, 493,390

Line 493,215, 493,230, 455,230, 455,252
Line 493,352, 493,336, 455,336, 455,314
Line 535,252, 535,223, 565,223, 565,201, 578,201, 597,193, 605,175, 605,166, 665,166, 665,171
Line 665,218, 665,223, 610,223, 610,239, 665,239, 665,253
Line 665,299, 665,376, 600,376, 600,344, 535,344, 535,314
Line 440,252, 547,252
Line 440,314, 547,314
Line 30,215, 30,230, 69,230, 69,336, 30,336, 30,352

Dashed 440,252, 440,314
Dashed 547,252, 547,314
Dashed 600,353, 665,353

PenColor FF0000
Arrow 636,195, 681,195
PenColor 009900
Arrow 687,277, 643,277

