size 870x896
Angle 90

BrushColor -1
PenColor 4C4C4C
AngleTextOut 0,Arial,20,518,399, Пражская >>
AngleTextOut 0,Arial,20,176,218, << Аннино
AngleTextOut 0,Arial,25,274,305, Улица Академика Янгеля, 1
PenColor 00AFAF
AngleTextOut -90,Arial,15,458,36, улица Академика Янгеля
AngleTextOut -90,Arial,15,352,740, Россошанская улица
AngleTextOut 0,Arial,15,364,598, Варшавское шоссе
PenColor 0

BrushColor 9CA4A4
Polygon 165,242, 631,242, 631,277, 165,277, 
Polygon 165,360, 631,360, 631,395, 165,395, 

BrushColor 808080
Polygon 631,245, 683,245, 683,282, 631,282, 
Polygon 631,392, 631,354, 683,354, 683,392, 
Polygon 729,287, 749,287, 749,349, 729,349, 
Line 683,245, 751,245, 751,202, 665,202, 
Line 665,175, 791,175, 791,235, 776,235, 776,404, 819,404, 
Line 819,429, 776,429, 776,511, 866,511, 
Line 826,701, 721,701, 
Line 866,539, 793,539, 793,672, 827,672, 
Line 721,672, 757,672, 757,536, 751,536, 751,392, 683,392, 
Line 165,242, 10,242, 10,428, 131,428, 131,456, 91,496, 91,555, 113,555, 113,547, 170,547, 
Line 170,521, 113,521, 113,507, 156,464, 156,428, 201,428, 201,451, 254,451, 
Line 254,428, 224,428, 224,402, 165,402, 165,395, 
Line 133,297, 61,297, 61,269, 133,269, 133,402, 61,402, 61,340, 133,340, 
Line 165,297, 204,297, 
Line 165,340, 204,340, 
Line 165,277, 165,360, 
Dashed 61,340, 61,297, 
Dashed 204,297, 204,340, 
Stairs 154,521, 154,547, 124,521, 
Stairs 680,282, 680,354, 633,282, 
Stairs 665,175, 665,202, 737,175, 
Stairs 866,539, 866,511, 793,539, 
Stairs 793,672, 793,701, 818,672, 
Stairs 813,404, 813,429, 781,404, 
Stairs 757,672, 757,701, 730,672, 
Stairs 250,428, 250,451, 229,428, 

PenColor FF0000
Arrow 723,270, 760,270, 
Arrow 625,299, 661,299, 
Arrow 96,415, 127,415, 
Arrow 217,332, 184,332, 
PenColor 009900
Arrow 657,331, 624,331, 
Arrow 128,256, 95,256, 
Arrow 753,373, 719,373, 
Arrow 184,305, 217,305, 

