Size 1150x500

Railway 10, 14, 8, 0,205, 1150,205
Railway 10, 14, 8, 0,265, 1150,265
PenColor FFFFFF
Polygon 253,200, 443,200, 443,281, 253,281

PenColor 84ACBC
AngleTextOut 0, Arial, 20, 803, 240, Выставочный центр >>
AngleTextOut 0, Arial, 30, 614, 89, Ул. Академика Королёва
AngleTextOut 0, Arial, 20, 544, 222, << Телецентр
PenColor 00AFAF
AngleTextOut 0, Arial, 15, 322, 431, Улица Академика Королёва
PenColor 000000

BrushColor 84ACBC
Polygon 985,260, 985,281, 544,281, 544,260
Polygon 985,199, 985,220, 544,220, 544,199
Line 544,199, 544,151, 985,151, 985,199
Line 544,281, 544,328, 985,328, 985,281

PenColor FF0000
Arrow 23,351, 67,351

PenColor 009900
Arrow 67,372, 23,372

PenColor 000000
;Правый вестибюль
Line 89,387, 443,387, 443,151, 253,151, 253,328
Line 89,337, 334,337, 334,289
Line 335,187, 335,151
Stairs 137,364, 137,387, 218,364
Stairs 253,364, 253,387, 334,364
Line 137,364, 218,364
Line 253,364, 334,364
Line 196,328, 253,328, 334,328
Stairs 544,199, 544,173, 504,199
Line 544,173, 504,173, 504,199, 544,199
Line 544,281, 500,281, 500,309, 544,309
Stairs 544,281, 544,309, 500,281

Stairs 253,306, 253,328, 217,306
Stairs 217,302, 217,280, 245,302
Line 253,306, 217,306, 217,302, 245,302, 245,280, 196,280, 196,328

Stairs 253,151, 253,173, 218,151
Stairs 245,198, 245,176, 217,198
Line 253,151, 196,151, 196,198, 245,198, 245,176, 217,176, 217,173, 253,173

;Турникеты
Line 341,289, 328,289
Line 341,277, 328,277
Line 341,266, 328,266
Line 341,254, 328,254
Line 341,221, 328,221
Line 341,210, 328,210
Line 341,198, 328,198
Line 341,187, 328,187

Line 341,244, 327,244
Line 341,232, 327,232
Spline 327,244, 324,238, 327,232
Spline 341,244, 344,238, 341,232

;Эскалаторы
Dashed 334,337, 334,364
Dashed 253,337, 253,364
Dashed 218,337, 218,364
Dashed 137,337, 137,364
Dashed 137,350, 218,350
Dashed 253,350, 334,350

;кассы
BrushColor -1
AngleTextOut 90, Arial, 14, 446, 191, Кассы
Line 443,197, 464,197, 464,151, 443,151

PenColor 909090
Stairs 77,337, 77,387, 89,337
Line 89,387, 77,387
Line 89,337, 77,337

Dashed 248,293, 463,293
Dashed 248,186, 468,186
Arrow 468,186, 495,186
Arrow 463,293, 495,293
Arrow 283,186, 248,186
Arrow 282,293, 248,293

;Левый вестибюль
PenColor 000000

