Size 700x860
Angle 60

PenColor 84ACBC
AngleTextOut 0, Arial, 20, -75, 309, << Выставочный центр
AngleTextOut 0, Arial, 30, 37, 402, Ул. Сергея Эйзенштейна
AngleTextOut 0, Arial, 20, 334, 505, Тупик >>
PenColor 00AFAF
AngleTextOut -90, Arial, 15, 773, 326, Ул. Сергея Эйзенштейна
AngleTextOut 0, Arial, 15, 87, 571, 1-ый Продольный проезд
PenColor 000000

BrushColor 84ACBC
Polygon 403,466, 403,497, -75,497, -75,466
Polygon 403,333, 403,364, -75,364, -75,333

PenColor FF0000
Arrow 410,393, 377,393
Arrow 482,316, 522,316
PenColor 009900
Arrow 376,435, 410,435
Arrow 600,464, 633,464

PenColor 000000
;Правый вестибюль
Line 403,466, 403,449, 491,449, 491,479, 618,479
Line 403,364, 403,381, 491,381, 491,333
Line 593,364, 613,345
;Line 610,208, 638,210, 665,219, 694,235, 716,255, 694,274, 712,295, 721,323, 720,355
Spline 507,298, 538,300, 565,308, 591,324, 613,345
Spline 593,364, 609,386, 619,414, 622,445
Line 622,445, 581,445

;Турникеты
Line 571,439, 582,447
Line 565,446, 576,454
Line 559,454, 570,462
Line 553,462, 564,470
Line 547,470, 558,478

Line 579,358, 583,367
Line 569,362, 573,371
Line 559,366, 563,375
Line 549,370, 553,379
Line 540,374, 544,383
Line 533,377, 537,386
Spline 533,377, 536,374, 540,374
Spline 537,386, 541,386, 544,383


BrushColor -1
;Ellipse 748,479, 477,209
;Ellipse 504,235, 720,454

;Эскалаторы
Dashed 491,449, 491,381
Dashed 419,381, 419,449
Line 419,403, 491,403
Line 419,427, 491,427
PenColor 000000

;кассы
BrushColor -1
AngleTextOut 90, Arial, 14, 473, 375, Кассы
Line 473,381, 473,333, 491,333
Line 491,333, 506,333
Line 491,381, 524,381

;Левый вестибюль
PenColor 000000
Line -75,364, -75,380, -64,380, -64,394, -64,414, -64,435, -64,449, -75,449, -75,466

;Турникеты


