Size 950x640
Angle 20

BrushColor -1
PenColor 2D69FC
AngleTextOut 0, Arial, 30, 361, 305, Улица Скобелевская, 1
AngleTextOut 0, Arial, 20, 495, 400, Улица Старокачаловская >>
AngleTextOut 0, Arial, 20, 249, 148, << Бульвар адмирала Ушакова
PenColor 00AFAF
AngleTextOut -90, Arial, 15, 255, 429, улица Скобелевская
AngleTextOut 0, Arial, 15, 102, 94, Бульвар адмирала Ушакова
PenColor 000000
AngleTextOut 0, Arial, 15, 76, 365, Касса
AngleTextOut 0, Arial, 15, 870, 368, Касса

BrushColor 8CBCFC
Polygon 247,214, 247,173, 742,173, 742,214
Polygon 246,402, 246,361, 742,361, 742,402

Line 247,214, 247,230, 288,230, 288,255
Line 202,255, 202,222, 170,222, 170,200, 153,200, 137,191, 128,174, 128,162, 64,162, 64,169
Line 64,218, 64,224, 117,224, 117,240, 64,240, 64,254
Line 64,306, 64,386, 131,386, 131,353, 203,353, 203,321
Line 288,321, 288,345, 246,345, 246,361
Line 189,255, 304,255
Line 189,321, 304,321
Line 742,214, 742,231, 701,231, 701,255
Line 742,361, 742,345, 702,345, 702,322
Line 785,255, 785,223, 818,223, 818,200, 836,200, 854,189, 861,173, 861,163, 925,163, 925,168
Line 925,217, 925,223, 867,223, 867,241, 925,241, 925,255
Line 925,306, 925,388, 856,388, 856,353, 786,353, 786,322
Line 685,255, 801,255
Line 685,322, 801,322
Line 476,267, 517,267, 517,308, 476,308, 476,267

Dashed 189,255, 189,321
Dashed 304,255, 304,321
Dashed 685,255, 685,322
Dashed 801,255, 801,322
Dashed 64,362, 131,362
Dashed 856,364, 925,364

PenColor FF0000
Arrow 94,193, 46,193
Arrow 894,193, 942,193
PenColor 009900
Arrow 39,281, 87,281
Arrow 948,281, 902,281

