size 700x769
Angle 45

BrushColor -1
PenColor E41c0c
AngleTextOut 0,Arial,20,23,233, << Проспект Вернадского
AngleTextOut 0,Arial,20,313,369, Воробьевы горы >>
AngleTextOut 0,Arial,25,129,291, Университет, 1
PenColor 00AFAF
AngleTextOut 0,Arial,15,334,432, пр.Вернадского
AngleTextOut -90,Arial,15,787,306, Ломоносовский пр.
AngleTextOut 0,Arial,15,325,622, Московский цирк >>
PenColor 0

BrushColor E41c0c
Polygon 8,257, 8,276, 432,277, 432,257, 
Polygon 8,345, 8,364, 158,364, 158,345, 
Polygon 170,345, 183,345, 183,365, 170,365, 
Polygon 196,345, 209,345, 209,365, 196,365, 
Polygon 222,365, 222,345, 432,345, 432,365, 

Line 8,276, 8,345, 
Line 8,283, 52,283, 52,298, 45,298, 45,323, 52,323, 52,338, 8,338, 
Line 432,345, 432,338, 326,338, 326,323, 414,323, 420,317, 
Line 432,277, 432,284, 326,284, 326,299, 414,299, 420,305, 
Line 664,226, 630,260, 
Line 683,243, 643,283, 648,288, 654,282, 
Line 656,339, 649,334, 645,339, 660,354, 693,321, 708,336, 708,310, 
Line 732,311, 732,345, 729,353, 714,368, 704,358, 643,419, 653,429, 634,448, 626,450, 600,450, 
Line 605,425, 623,425, 606,408, 641,373, 630,362, 
Line 551,336, 531,336, 
Line 532,288, 551,288, 
Line 158,320, 158,369, 173,384, 173,402, 165,402, 165,438, 
Line 170,320, 170,369, 183,382, 183,320, 
Line 196,320, 196,382, 209,369, 209,320, 
Line 222,320, 222,368, 208,382, 208,401, 212,401, 212,438, 
Line 165,477, 165,495, 
Line 212,477, 212,495, 
Line 75,545, 75,566, 91,550, 126,585, 138,573, 
Line 50,545, 50,571, 53,581, 71,599, 81,588, 141,648, 131,658, 146,673, 157,676, 189,676, 
Line 189,652, 163,652, 178,637, 146,605, 162,589, 167,594, 161,600, 
Line 257,626, 217,586, 212,591, 218,597, 
Line 274,608, 240,574, 
Dashed 375,322, 375,299, 
Dashed 414,323, 531,336, 
Dashed 414,299, 532,288, 
Dashed 551,288, 576,288, 576,336, 551,336, 
Dashed 165,477, 165,438, 212,438, 212,477, 
Dashed 165,495, 165,521, 212,521, 212,495, 
Spline 53,581, 68,611, 90,640, 117,660, 146,673, 
Spline 729,353, 717,382, 696,409, 667,432, 634,448, 
Spline 531,336, 503,313, 532,288, 
Spline 551,288, 558,275, 583,257, 604,253, 630,260, 
Spline 654,282, 662,312, 656,339, 
Spline 630,362, 610,369, 583,366, 563,354, 551,336, 
Spline 165,477, 188,447, 212,477, 
Spline 138,573, 131,548, 134,526, 147,507, 
Spline 212,495, 231,507, 243,528, 247,553, 240,574, 
Spline 161,600, 191,606, 218,597, 
Stairs 158,320, 170,320, 158,345, 
Stairs 183,320, 196,320, 183,345, 
Stairs 209,320, 222,320, 209,345, 

PenColor FF0000
Arrow 215,349, 215,362, 
Arrow 201,477, 201,511, 
Arrow 225,578, 271,624, 
Arrow 634,275, 680,229, 
Arrow 526,302, 563,302, 
;Arrow 561,321, 525,321, 
PenColor 009900
Arrow 164,361, 164,348, 
Arrow 175,511, 175,477, 
Arrow 136,596, 163,569, 
Arrow 198,664, 159,664, 
Arrow 63,537, 63,575, 
Arrow 592,437, 632,437, 
Arrow 720,301, 720,342, 
Arrow 652,364, 625,337, 

