size 560x976
Angle 80

BrushColor -1
PenColor 4C4C4C
AngleTextOut 0,Arial,20,278,615, Чертановская >>
AngleTextOut 0,Arial,20,152,428, << Пражская
AngleTextOut 0,Arial,25,238,522, Южная, 1
PenColor 00AFAF
AngleTextOut -90,Arial,15,516,284, Сумская улица
AngleTextOut 0,Arial,15,193,378, Кировоградская улица
AngleTextOut -90,Arial,15,39,261, Днепропетровская улица
PenColor 0

BrushColor 9CA4A4
Polygon 146,455, 419,455, 419,489, 146,489, 
Polygon 146,580, 419,580, 419,614, 146,614, 

BrushColor 808080
Polygon 419,614, 419,572, 525,572, 525,614, 
Polygon 419,455, 419,497, 526,497, 526,455, 
Polygon 146,455, 146,497, 40,497, 40,455, 
Polygon 146,614, 146,572, 39,572, 39,614, 
Polygon 603,486, 624,486, 624,583, 603,583, 
Polygon -65,486, -44,486, -44,583, -65,583, 
Line 526,455, 605,455, 605,460, 631,460, 631,454, 641,454, 641,338, 584,338, 
Line 584,317, 725,317, 
Line 725,338, 662,338, 662,652, 725,652, 
Line 725,673, 584,673, 
Line 584,652, 641,652, 641,614, 630,614, 630,608, 605,608, 605,614, 525,614, 
Line 39,614, -46,614, -46,608, -71,608, -71,614, -84,614, -84,654, -21,654, 
Line -21,675, -162,675, 
Line -162,654, -105,654, -105,323, -162,323, 
Line -162,302, -21,302, 
Line -21,323, -84,323, -84,455, -71,455, -71,460, -45,460, -45,455, 40,455, 
Line 58,534, 138,534, 
Dashed 426,497, 426,572, 
Dashed 517,497, 517,572, 
Dashed 138,534, 138,497, 
Dashed 58,534, 58,497, 
Stairs 65,534, 65,572, 130,534, 
Stairs -156,302, -156,323, -112,302, 
Stairs -69,302, -69,323, -25,302, 
Stairs -156,654, -156,675, -112,654, 
Stairs 590,317, 590,338, 634,317, 
Stairs 677,317, 677,338, 721,317, 
Stairs 590,652, 590,673, 634,652, 
Stairs 677,652, 677,673, 721,652, 
Stairs -69,654, -69,675, -25,654, 

PenColor FF0000
Arrow 602,471, 630,471, 
Arrow -42,471, -70,471, 
PenColor 009900
Arrow 628,593, 600,593, 
Arrow -69,595, -40,595, 

