size 1000x660
Angle 180

BrushColor -1
PenColor 34649C
AngleTextOut 180,Arial,20,471,198, Каширская >>
AngleTextOut 180,Arial,20,713,359, << Каховская
AngleTextOut 180,Arial,25,608,282, Варшавская, 1
PenColor 00AFAF
AngleTextOut 180,Arial,15,497,155, Чонгарский бульвар
AngleTextOut -90,Arial,15,259,447, Варшавское шоссе
AngleTextOut -90,Arial,15,73,477, платформа Коломенское
PenColor 0

BrushColor 34649C
Polygon 390,201, 696,201, 696,228, 390,228, 
Polygon 390,307, 696,308, 696,334, 390,334, 

BrushColor 808080
Polygon 696,201, 824,200, 824,238, 696,238, 
Polygon 696,334, 696,296, 823,296, 823,334, 
Polygon 390,334, 389,297, 328,297, 328,334, 
Polygon 892,231, 927,231, 928,303, 892,303, 
Polygon 224,231, 260,231, 260,304, 224,304, 
Polygon 390,201, 390,238, 328,238, 328,201, 
Line 328,201, 213,201, 213,162, 351,162, 
Line 351,131, 173,131, 173,241, 132,241, 132,294, 172,294, 172,388, 20,388, 20,455, 
Line 42,455, 42,419, 87,419, 87,454, 
Line 111,454, 111,419, 305,419, 305,428, 361,428, 361,368, 
Line 329,368, 329,378, 305,378, 305,388, 213,388, 213,334, 328,334, 
Line 696,263, 809,263, 
Line 823,335, 940,335, 940,369, 865,369, 
Line 865,400, 980,400, 980,20, 864,20, 
Line 864,51, 940,51, 940,200, 824,200, 
Line 390,238, 397,238, 
Line 389,297, 397,297, 
Dashed 305,388, 327,388, 327,419, 305,419, 
Dashed 269,388, 269,418, 
Dashed 696,296, 697,263, 
Dashed 803,263, 803,296, 
Stairs 111,450, 87,450, 111,425, 
Stairs 42,451, 20,451, 42,425, 
Stairs 140,419, 140,388, 169,419, 
Stairs 347,162, 347,131, 256,162, 
Stairs 397,297, 397,238, 328,297, 
Stairs 794,263, 794,238, 706,263, 
Stairs 869,400, 869,369, 936,400, 
Stairs 868,51, 868,20, 935,51, 

PenColor FF0000
Arrow 883,318, 931,318, 
Arrow 712,280, 768,280, 
Arrow 367,280, 316,280, 
Arrow 269,318, 219,318, 
Arrow 213,403, 250,403, 
PenColor 009900
Arrow 937,217, 880,217, 
Arrow 776,251, 724,251, 
Arrow 316,255, 367,255, 
Arrow 217,217, 271,217, 
Arrow 289,149, 246,149, 
