Size 770x1110
Angle 80

BrushColor -1
AngleTextOut -90, Arial, 15, -34, 491, кассы
PenColor F7782E
AngleTextOut 0, Arial, 20, 449, 713, Ботанический сад >>
AngleTextOut 0, Arial, 20, 297, 549, << Алексеевская
AngleTextOut 0, Arial, 25, 391, 626, ВДНХ, 1
PenColor 00AFAF
AngleTextOut -80, Arial, 15, 362, 191, улица Академика Королёва
AngleTextOut -80, Arial, 15, 461, 790, улица Космонавтов
AngleTextOut -15, Arial, 15, -164, 477, проспект Мира
AngleTextOut -15, Arial, 15, 335, 730, проспект Мира
AngleTextOut -120, Arial, 15, 958, 678, << ВДНХ
PenColor 000000

BrushColor FC9C54
Polygon 234,574, 254,574, 254,594, 234,594
Polygon 267,574, 271,574, 271,594, 267,594
Polygon 284,574, 634,574, 634,594, 285,594
Polygon 234,692, 634,692, 634,712, 234,712

BrushColor 808080
Polygon 529,615, 593,615, 593,625, 529,625
Polygon 529,661, 593,661, 593,671, 529,671
Polygon 285,615, 322,615, 322,625, 285,625
Polygon 267,615, 271,615, 271,625, 267,625
Polygon 254,615, 244,615, 244,671, 322,671, 322,661, 254,661
Polygon 77,515, 89,515, 89,563, 77,563
Line 634,594, 634,615, 593,615
Line 593,671, 634,671, 634,692
Line 234,692, 234,671, 244,671
Line 244,615, 234,615, 234,594
Line 243,553, 213,553
Line 213,523, 255,523
Line 880,652, 884,652, 884,634, 875,634
Line 917,652, 913,652, 913,635
Line 844,596, 854,586, 845,578, 872,552
Line 860,627, 872,616
Line 809,709, 809,724, 813,724
Line 776,709, 776,724, 773,724
Line 728,661, 765,661
Line 728,625, 765,625
Line 181,451, 132,451, 132,493, 139,493, 139,583, 132,583, 132,602, 181,602
Line 181,620, 60,620
Line 60,602, 109,602, 109,584, 77,584, 77,588, -39,588, -39,489, 78,489, 78,493, 109,493, 109,451, 60,451
Line 60,433, 181,433
Line -2,523, 49,523
Line -2,553, 49,553
Line 250,535, 250,539
Line 254,594, 254,615
Line 285,594, 285,615
Line 267,594, 267,615
Line 271,594, 271,615
Dashed 728,625, 593,625, 593,661, 728,661
Dashed 765,661, 765,625
Dashed 226,523, 226,553
Dashed 213,523, 49,523
Dashed 213,553, 49,553
Spline 49,553, 56,537, 49,523
Spline 213,553, 206,538, 213,523
Spline 255,523, 260,523, 277,534, 284,555, 284,574
Spline 267,574, 266,559, 262,545, 256,540, 250,539
Spline 250,535, 258,536, 265,542, 270,559, 271,574
Spline 593,625, 604,643, 593,661
Spline 728,661, 717,643, 728,625
Spline 776,709, 755,700, 736,681, 728,661
Spline 728,625, 739,600, 765,579, 792,573, 821,580, 844,596
Spline 860,627, 860,660, 840,693, 809,709
Spline 875,634, 875,625, 872,616
Spline 913,635, 910,607, 898,577, 872,552
Spline 254,574, 253,562, 250,554, 243,553
Stairs 254,623, 267,623, 254,601
Stairs 271,623, 285,623, 271,601
Stairs 60,602, 60,620, 109,602
Stairs 181,602, 181,620, 132,602
Stairs 181,451, 181,433, 132,451
Stairs 60,451, 60,433, 109,451
Stairs 96,584, 96,493, 102,584

PenColor FF0000
Arrow 726,652, 760,652
Arrow 793,711, 793,737
Arrow 609,647, 644,647
Arrow 261,629, 261,591
Arrow 71,571, 112,571
Arrow 16,546, -11,546
PenColor 009900
Arrow 760,634, 726,634
Arrow 894,666, 894,618
Arrow 643,638, 609,638
Arrow 278,592, 278,631
Arrow 107,500, 65,500
Arrow -11,530, 17,530

BrushColor -1
PenColor 040464
SpotRect 766, 787, 190, 15, LoadVec VDNH-VystavochnyCentr.vec
TextOut Arial, 10, 766, 787, Схема перехода к монорельсовой дороге, 5

