Size 700x950
PenColor 00AFAF
AngleTextOut -49, Arial, 15, 349, 217, 1-ый Поперечный проезд
AngleTextOut -48, Arial, 15, 466, 105, 2-ой Поперечный проезд
AngleTextOut 43, Arial, 15, 70, 304, 1-ый Продольный проезд
AngleTextOut 59, Arial, 15, 503, 542, Проспект Мира
AngleTextOut -2, Arial, 15, 515, 666, Улица Космонавтов
AngleTextOut -1, Arial, 15, 562, 580, Улица Космонавтов
PenColor 040464
AngleTextOut -49, Arial, 15, 306, 227, пешком около 300м
PenColor 000000

BrushColor -1

BrushColor FC9C54
Polygon 375,810, 380,811, 379,816, 374,815
Polygon 375,803, 403,572, 409,573, 381,804
Polygon 422,574, 428,575, 396,828, 391,827
Line 433,7, 403,34, 624,280, 718,124
Line -19,415, 264,159, 523,448, 210,969
Line 281,144, 389,46, 614,297, 536,427, 281,144
Line -21,379, 245,139, 120,1
Line 147,-4, 261,123, 370,25, 340,-8
Line 359,-15, 384,13, 414,-14
Line 700,585, 545,582, 773,204
Line 700,600, 537,597, 494,668, 701,676
Line 701,691, 485,683, 274,1034

Line 238,314, 319,322, 302,490, 221,482, 238,314

;станция метро
BrushColor -1
PenColor FC9C54
AngleTextOut -1, Arial, 15, 326, 684, ВДНХ
PenColor 000000
Stairs 265,827, 272,831, 272,816
Stairs 267,841, 259,837, 260,852
Stairs 375,893, 382,897, 381,883
Stairs 369,903, 376,907, 363,913
Line 375,893, 265,827
Line 259,837, 376,907
Line 375,893, 381,883, 388,887, 370,917, 363,913, 369,903
Line 267,841, 260,852, 253,847, 272,816, 279,820, 272,831
Line 307,866, 292,891, 320,908, 335,883
Dashed 311,880, 342,829, 350,834, 319,885, 311,880
Line 391,827, 378,826, 409,573, 422,574, 391,827
Stairs 378,826, 379,816, 363,824
Stairs 381,804, 380,811, 366,802
Line 378,826, 363,824, 357,823, 350,834
Line 379,816, 358,813, 359,808, 380,811
Line 381,804, 366,802, 358,801, 350,807, 349,817, 342,829

Line 434,451, 433,461, 440,464, 446,472, 448,481, 457,482
Spline 434,451, 424,451, 414,455, 406,462, 402,472, 401,482, 404,492, 409,499, 419,505, 431,507, 443,504, 452,496, 456,489, 457,482

Dashed 412,573, 422,496, 429,497, 419,574

;монорельс
PenColor 84ACBC
Line -51,357, 212,121, 238,111, 385,-21, 3
Line -45,359, 132,200, 158,190, 388,-18, 3
AngleTextOut -1, Arial, 15, 41, 107, Выставочный центр


PenColor 000000
Spline 153,177, 154,183, 160,186
Line 160,186, 205,145
Line 153,177, 197,137
Spline 197,137, 203,139, 205,145

PenColor 000000
Railway 3, 3, 2, -29,373, 405,-19
Railway 3, 3, 2, -33,369, 401,-22

PenColor FF0000
Arrow 448,488, 465,488, 463,390, 225,125, 208,140

PenColor 009900
Arrow 203,134, 212,126, 448,389, 449,456, 424,456

PenColor 040464
SpotRect 220, 710, 130, 15, LoadVec VDNH.vec
TextOut Arial, 10, 220, 710, Схема станции метро "ВДНХ", 5

PenColor 040464
SpotRect 13, 133, 170, 15, LoadVec VystavochnyCentr.vec
TextOut Arial, 10, 13, 133, Схема станции "Выставочный центр", 5
