size 702x935
Angle 45

BrushColor -1
PenColor E41c0c
AngleTextOut 0,Arial,20,240,360, << Юго-Западная
AngleTextOut 0,Arial,20,491,518, Университет >>
AngleTextOut 0,Arial,25,279,438, Проспект Вернадского, 1
PenColor 00AFAF
AngleTextOut 0,Arial,15,272,549, проспект Вернадского
AngleTextOut -90,Arial,15,673,515, улица Удальцова
TextOut Arial,15,744,227, парк 50-летия Октября
PenColor 0

BrushColor E41c0c
Polygon 264,411, 264,386, 535,386, 535,411, 
Polygon 264,513, 264,489, 535,489, 535,513, 

BrushColor 808080
Polygon 535,386, 605,386, 605,423, 535,423, 
Polygon 535,513, 535,476, 605,476, 605,513, 
Polygon 264,513, 264,476, 192,476, 193,513, 
Polygon 264,386, 264,423, 192,423, 192,386, 
Polygon 89,414, 116,414, 116,486, 89,486, 
Polygon 727,444, 727,451, 786,452, 786,444, 
Line 605,402, 727,402, 727,393, 784,393, 
Line 605,493, 726,493, 726,503, 784,503, 
Line 193,386, 83,386, 83,365, 110,365, 
Line 110,334, 17,334, 
Line 17,365, 44,365, 44,612, 18,612, 
Line 18,642, 43,642, 43,738, 19,738, 
Line 19,768, 110,768, 
Line 110,738, 85,738, 85,643, 110,643, 
Line 110,612, 85,612, 85,513, 193,513, 
Stairs 110,365, 110,334, 83,365, 
Stairs 17,365, 17,334, 44,365, 
Stairs 18,612, 18,642, 44,612, 
Stairs 110,612, 110,643, 85,612, 
Stairs 110,738, 110,768, 85,738, 
Stairs 19,738, 19,768, 43,738, 
Stairs 264,423, 264,476, 238,423, 
Stairs 196,423, 196,476, 224,423, 
Stairs 535,476, 535,423, 560,476, 
Stairs 601,476, 601,423, 576,476, 

PenColor FF000
Arrow 122,401, 76,401, 
Arrow 713,422, 797,422, 
PenColor 009900
Arrow 790,474, 712,474, 
Arrow 85,500, 124,500, 

