size 417x988
Angle 75

BrushColor -1
PenColor 4C4C4C
AngleTextOut 0,Arial,20,282,572, Отрадное >>
AngleTextOut 0,Arial,20,-60,414, << Петровско-Разумовская
AngleTextOut 0,Arial,25,101,491, Владыкино, 1
PenColor 00AFAF
AngleTextOut -40,Arial,15,-249,618, Сусоколовское шоссе
AngleTextOut -60,Arial,15,633,359, Сигнальный проезд
PenColor 0

BrushColor 9CA4A4
Polygon -66,440, 391,440, 391,461, -66,461, 
Polygon -66,550, 391,550, 391,571, -66,571, 

BrushColor 808080
Polygon -66,474, -66,486, -15,486, -15,482, 51,482, 51,474, 
Polygon -66,537, -66,525, -15,525, -15,529, 51,529, 51,537, 
Polygon 391,537, 274,537, 274,529, 340,529, 340,525, 391,525, 
Polygon 391,474, 274,474, 274,482, 340,482, 340,486, 391,486, 
Line -66,461, -66,474, 
Line -66,537, -66,550, 
Line 391,461, 391,474, 
Line 391,537, 391,550, 
Line 426,486, 467,486, 
Line 428,525, 467,525, 
Line 527,439, 543,414, 
Line 557,468, 584,451, 
Line 548,548, 569,569, 
Line 512,571, 527,604, 
Line -95,485, -136,485, 
Line -97,524, -136,524, 
Line -181,570, -196,603, 
Line -217,548, -238,569, 
Line -226,467, -252,451, 
Line -196,439, -213,412, 
Dashed -136,485, -136,524, 
Dashed -15,486, -15,525, 
Dashed 340,486, 340,525, 
Dashed 391,486, 426,486, 
Dashed 391,525, 428,525, 
Dashed 467,486, 467,525, 
Dashed -95,485, -66,485, 
Dashed -97,524, -66,524, 
Spline -196,439, -175,431, -150,432, -130,439, -111,455, -101,470, -95,485, -93,504, -97,524, -108,545, -128,562, -153,571, -181,570, 
Spline -217,548, -229,529, -235,505, -232,483, -226,467, 
Spline 512,571, 483,572, 452,559, 437,543, 428,525, 424,504, 426,486, 436,463, 459,441, 482,433, 509,433, 527,439, 
Spline 557,468, 564,487, 565,512, 559,532, 548,548, 

PenColor FF0000
Arrow 452,508, 482,508, 
Arrow 526,555, 550,582, 
Arrow -121,508, -151,508, 
Arrow -194,553, -218,582, 
PenColor 009900
Arrow 481,500, 450,500, 
Arrow 565,430, 532,461, 
Arrow -148,500, -119,500, 
Arrow -234,430, -201,461, 

