size 580x920
Angle -70

BrushColor -1
PenColor 046434
AngleTextOut 0,Arial,20,77,380, << Речной вокзал
AngleTextOut 0,Arial,20,277,589, Войковская >>
AngleTextOut 0,Arial,25,143,483, Водный стадион, 1
PenColor 00AFAF
AngleTextOut 90,Arial,15,28,346, Кронштадтский бульвар
AngleTextOut 70,Arial,15,453,353, Головинское шоссе
AngleTextOut 0,Arial,15,521,610, улица Адмирала Макарова
PenColor 0

BrushColor 046434
Polygon 91,407, 381,407, 381,446, 91,446, 
Polygon 92,546, 381,546, 381,584, 92,584, 

BrushColor 808080
Polygon 381,407, 449,407, 449,456, 388,456, 388,463, 381,463, 
Polygon 381,584, 381,528, 388,528, 388,535, 449,535, 449,584, 
Polygon 92,584, 92,527, 85,527, 85,534, 24,534, 24,583, 
Polygon 91,407, 91,463, 84,463, 84,456, 24,456, 23,407, 
Line 24,456, 24,534, 
Line 449,535, 449,456, 
Line 469,412, 469,401, 631,401, 631,427, 624,427, 624,477, 639,477, 639,542, 614,542, 614,565, 631,565, 631,591, 469,591, 469,583, 
Line 469,445, 469,451, 549,451, 549,457, 499,457, 
Line 549,482, 469,482, 
Line 469,535, 549,535, 549,541, 469,541, 469,547, 
Line 449,482, 414,482, 
Line 1,409, 1,399, -162,399, -162,426, -153,426, -153,449, -167,449, -167,542, -144,542, -144,564, -160,564, -160,589, 1,589, 1,582, 
Line 24,482, 58,482, 
Line 1,482, -78,482, 
Line 1,445, 1,451, -78,451, -78,457, -29,457, 
Line 1,534, -78,534, -78,542, 1,542, 1,548, 
Dashed 549,482, 549,457, 
Dashed 49,456, 49,482, 
Dashed 424,456, 424,482, 
Dashed -78,482, -78,457, 
Spline 499,457, 494,470, 499,482, 
Spline -29,457, -24,469, -29,481, 
Stairs 549,535, 549,482, 469,535, 
Stairs 449,482, 449,535, 414,482, 
Stairs 24,482, 24,534, 58,482, 
Stairs 1,534, 1,482, -78,534, 

PenColor FF0000
Arrow -36,428, -8,428, 
Arrow -82,467, -108,467, 
Arrow 507,428, 479,428, 
Arrow 553,468, 578,468, 
PenColor 009900
Arrow -109,511, -82,511, 
Arrow -5,565, -32,565, 
Arrow 475,565, 503,565, 
Arrow 579,511, 554,511, 

