size 950x662
Angle -30

BrushColor -1
PenColor AC24AC
AngleTextOut 0,Arial,20,289,179, << Пролетарская
AngleTextOut 0,Arial,20,474,369, Текстильщики >>
AngleTextOut 0,Arial,25,313,276, Волгоградский проспект, 1
PenColor 00AFAF
AngleTextOut 0,Arial,15,-72,285, Волгоградский проспект
AngleTextOut 0,Arial,15,824,285, Волгоградский проспект
AngleTextOut 60,Arial,15,575,566, Новоостаповская улица
AngleTextOut 40,Arial,15,141,532, Дубровский проезд
PenColor 0

BrushColor AC24AC
Polygon 291,206, 607,206, 607,240, 291,240, 
Polygon 291,331, 607,331, 607,365, 291,365, 

BrushColor 808080
Polygon 607,206, 668,206, 668,248, 607,248, 
Polygon 607,365, 607,323, 668,323, 668,365, 
Polygon 291,206, 230,206, 230,248, 291,248, 
Polygon 291,365, 291,323, 230,323, 230,365, 
Line 668,206, 801,206, 801,430, 882,430, 
Line 668,365, 774,365, 774,430, 743,430, 743,439, 691,491, 
Line 882,452, 759,452, 705,506, 
Line 230,206, 97,206, 97,430, 17,430, 
Line 230,365, 124,365, 124,430, 205,430, 
Line 205,452, 17,452, 
Stairs 668,248, 668,323, 611,248, 
Stairs 230,248, 230,323, 291,248, 
Stairs 20,430, 20,452, 87,430, 
Stairs 135,430, 135,452, 202,430, 
Stairs 812,430, 812,452, 879,430, 
Stairs 740,442, 755,456, 694,488, 

PenColor FF0000
Arrow 783,359, 783,390, 
Arrow 116,359, 116,389, 
PenColor 009900
Arrow 793,389, 793,359, 
Arrow 106,389, 106,359, 

