Size 850x1050
Angle -63
Image vol.bmp

BrushColor -1
PenColor 34349C
AngleTextOut 0, Arial, 20, 154, 531, << Митино
AngleTextOut 0, Arial, 20, 401, 658, Мякининская >>
AngleTextOut 0, Arial, 25, 251, 578, Волоколамская, 1
AngleTextOut 0, Arial, 20, 266, 600, проект 2007 года, 1
PenColor 00AFAF
AngleTextOut 5, Arial, 15, 261, 264, Новотушинский проезд
PenColor 000000
AngleTextOut 46, Arial, 10, 38, 618, Кассы
AngleTextOut -46, Arial, 10, 636, 598, Кассы

PenColor 000000

BrushColor 34349C
Polygon 541,632, 541,654, 156,654, 156,632
Polygon 541,555, 541,576, 156,576, 156,555

PenColor FF0000
Arrow -93,555, -73,529
Arrow 781,553, 764,525
;Arrow 590,284, 612,284
PenColor 009900
Arrow -13,529, 5,555
Arrow 698,529, 682,555
;Arrow 610,312, 590,312

;Правый вестибюль
PenColor 000000
Line 541,576, 541,583, 562,583, 562,625, 541,625, 541,632
Line 826,563, 794,534
Line 751,542, 742,545, 732,546, 721,545, 712,543
Line 670,534, 621,586
Line 682,666, 795,666
Line 659,623, 630,595
BrushColor 808080
Polygon 544,666, 621,586, 630,595, 623,602, 652,630, 659,623, 682,647, 682,666
Polygon 795,666, 795,647, 802,638, 826,638, 826,563, 926,666
Polygon 670,534, 681,523, 686,528, 677,540
Polygon 704,539, 712,543, 708,556, 698,553
Polygon 751,542, 759,538, 766,552, 757,556
Polygon 778,526, 783,522, 794,534, 787,540
Polygon -69,583, -69,580, -15,580, -15,630, -69,630, -69,627, -18,627, -18,583
Polygon 769,583, 769,580, 706,580, 706,627, 769,627, 769,624, 709,624, 709,583
;эскалатор
Line 769,583, 709,583, 709,624, 769,624
Line 769,583, 769,624
Line 769,593, 709,593
Line 769,603, 709,603
Line 769,614, 709,614
Dashed 562,583, 709,583
Dashed 562,625, 709,624

;Лифт

;Левый вестибюль
BrushColor 808080
Polygon -223,664, -126,560, -126,641, -104,641, -98,648, -98,664
Polygon 11,664, 11,649, 34,623, 43,630, 68,603, 60,595, 70,584, 154,664
Polygon -102,534, -92,523, -86,529, -96,540
Polygon -70,540, -60,545, -65,557, -76,552
Polygon -27,545, -18,541, -12,552, -21,557
Polygon 1,529, 7,524, 17,534, 11,540
PenColor 000000
Line -102,534, -96,540, -86,529, -92,523, -223,664, 154,664, 7,524, 1,529, 11,540, 17,534
Line -27,545, -21,557, -12,552, -18,541, -27,545, -38,546, -48,546, -60,545, -70,540, -76,552, -65,557, -60,545
Line -126,560, -126,641, -104,641, -98,648, -98,664
Line 11,664, 11,649, 60,595, 70,584
Line 34,623, 43,630, 68,603, 60,595
;эскалатор
Line -69,583, -18,583, -18,627, -69,627, -69,583
Line -69,594, -18,594
Line -69,605, -18,605
Line -69,616, -18,616
Line -69,583, -69,583
Line -69,627, -69,627
Dashed -18,583, 130,583
Dashed -18,627, 130,627
Line 156,632, 156,627, 130,627, 130,583, 156,583, 156,576

Line
