size 1050x476
Angle -30

BrushColor -1
PenColor 7CBC54
AngleTextOut 0,Arial,20,278,202, << Печатники
AngleTextOut 0,Arial,20,430,384, Люблино >>
AngleTextOut 0,Arial,25,339,293, Волжская, 1
PenColor 00AFAF
AngleTextOut 30,Arial,15,193,589, Люблинский пруд
AngleTextOut 90,Arial,15,773,160, ул.Краснодонская
AngleTextOut 0,Arial,15,884,61, Кузьминский парк >>
PenColor 0

BrushColor 7CBC54
Polygon 284,227, 509,227, 509,276, 284,276, 
Polygon 284,380, 284,333, 509,333, 509,380, 

BrushColor 808080
Polygon 284,240, 284,227, 242,227, 242,235, 279,235, 
Polygon 284,264, 274,273, 250,273, 250,276, 284,276, 
Polygon 509,264, 519,273, 534,273, 534,276, 509,276, 
Polygon 284,345, 274,336, 250,336, 250,333, 284,333, 
Polygon 509,345, 519,335, 534,335, 534,332, 509,333, 
Polygon 284,367, 278,372, 242,372, 242,380, 284,380, 
Polygon 509,367, 515,372, 552,372, 552,380, 509,380, 
Polygon 509,240, 515,235, 552,235, 552,227, 509,227, 
Polygon 144,362, 152,362, 152,401, 144,401, 
Polygon 573,288, 626,288, 626,277, 658,277, 658,330, 627,330, 627,320, 573,320, 

Line 39,426, 252,426, 
Line 39,402, 115,402, 115,329, 105,329, 105,227, 242,227, 
Line 252,402, 182,402, 182,361, 205,361, 205,380, 242,380, 
Line 552,380, 712,380, 712,227, 692,227, 692,178, 755,178, 
Line 755,153, 692,153, 692,108, 844,108, 867,85, 867,12, 
Line 818,13, 818,54, 
Line 843,17, 843,71, 835,79, 663,79, 663,227, 552,227, 
Line 250,333, 234,333, 
Line 234,276, 250,276, 
Spline 818,13, 826,-1, 842,-9, 859,-1, 867,12, 
Stairs 44,402, 44,426, 99,402, 
Stairs 249,402, 249,426, 194,402, 
Stairs 234,276, 234,333, 290,276, 
Stairs 534,276, 534,332, 476,276, 
Stairs 751,178, 751,153, 696,178, 
Stairs 818,54, 867,54, 818,18, 

PenColor FF0000
Arrow 625,358, 669,358, 
Arrow 491,288, 526,288, 
Arrow 277,321, 242,321, 
Arrow 170,360, 170,407, 
PenColor 009900
Arrow 661,250, 614,250, 
Arrow 524,321, 490,321, 
Arrow 243,288, 277,288, 
Arrow 127,397, 127,350, 

