size 880x1020
Angle 50

AngleTextOut -90,Arial,12,58,562, касса
PenColor 34949C
BrushColor B4E3EB
Polygon 334,452, 289,388, 247,314, 215,242, 186,164, 162,87, 140,-32, 391,-32, 414,117, 452,227, 492,303, 530,362, 559,405, 598,452, 
Polygon 723,616, 783,676, 844,727, 888,760, 948,805, 1010,852, 1071,888, 776,887, 711,842, 646,792, 585,744, 512,674, 458,616, 

BrushColor -1
PenColor 34949C
AngleTextOut -65,Arial,45,362,207, р.Москва
Arrow 316,284, 362,370, 2
PenColor E41c0c
AngleTextOut 0,Arial,25,433,523, Воробьевы горы, 1
PenColor 00AFAF
AngleTextOut -90,Arial,15,897,282, спорт.комплекс "Лужники"
AngleTextOut -62,Arial,15,208,266, Воробьевская набережная
AngleTextOut -62,Arial,15,-159,486, Воробьевы горы
PenColor 0

BrushColor E41c0c
Polygon 277,496, 277,473, 816,473, 816,496, 
Polygon 277,596, 277,573, 816,573, 816,596, 

BrushColor 808080
Polygon -20,520, -20,502, -2,502, -2,520, 
Polygon -20,565, -20,547, -1,547, -1,565, 
Polygon -45,519, -45,471, -65,470, -75,480, -75,519, 
Polygon -45,549, -45,600, -64,600, -75,589, -75,549, 

Line 808,496, 808,507, 754,507, 754,516, 872,516, 
Line 809,573, 809,563, 754,563, 754,553, 872,553, 
Line 881,477, 872,477, 872,500, 842,500, 842,516, 
Line 904,477, 918,477, 
Line 946,477, 957,477, 957,593, 946,593, 
Line 904,593, 918,593, 
Line 881,593, 872,593, 872,571, 841,571, 841,553, 
Line 286,573, 286,563, 333,563, 333,553, 265,553, 265,590, 61,590, 61,557, 40,557, 40,590, -20,590, -20,600, 182,600, 
Line 182,627, -78,627, -97,608, -97,549, -120,549, 
Line -121,519, -98,519, -98,464, -80,446, 180,446, 
Line -20,493, -20,577, 

Line 180,471, -20,471, -20,481, 38,481, 38,512, 61,512, 61,481, 231,481, 
Line 256,481, 268,481, 268,516, 333,516, 333,505, 286,505, 286,496, 
Line 89,481, 89,501, 131,501, 
Line 89,517, 131,517, 
Line 89,536, 131,536, 
Line 89,555, 131,555, 
Line 131,571, 89,571, 89,590, 
Line 196,514, 230,514, 230,494, 174,494, 174,577, 230,577, 230,553, 196,553, 
Line 277,473, 277,452, 816,452, 816,473, 
Line 277,596, 277,616, 816,616, 816,596, 
Dashed 89,517, 89,555, 
Dashed 131,517, 131,555, 
Stairs 89,501, 89,517, 131,501, 
Stairs 89,571, 89,555, 131,571, 
Stairs 196,494, 196,577, 228,494, 
Dashed 872,516, 872,553, 
Dashed 829,516, 829,553, 
Stairs 180,446, 180,471, 116,446, 
Stairs 89,446, 89,471, 49,446, 
Stairs 27,446, 27,471, -20,446, 
Stairs -45,446, -45,471, -64,446, 
Stairs -20,493, -45,493, -20,502, 
Stairs -20,577, -45,577, -20,565, 
Stairs -64,600, -64,627, -45,600, 
Stairs 182,600, 182,627, 117,600, 
Stairs 89,600, 89,627, 53,600, 
Stairs 28,600, 28,627, -20,600, 
Stairs 277,452, 277,473, 298,452, 
Stairs 277,616, 277,596, 298,616, 
Stairs 816,452, 816,473, 795,452, 
Stairs 816,616, 816,596, 795,616, 
Stairs -20,547, -20,520, -7,547, 

PenColor DD0000
Arrow 891,508, 891,472, 
Arrow 124,526, 96,526, 
Arrow 255,504, 217,504, 
Arrow 240,493, 240,466, 
Arrow 770,542, 807,542, 
Arrow 322,527, 273,527, 
Arrow 892,587, 892,626, 
Line 217,504, 183,504, 183,526, 
Arrow 183,526, 218,526, 
Arrow 124,546, 96,546, 
PenColor 009900
Arrow 931,473, 931,509, 
Arrow 807,528, 770,528, 
Arrow 273,544, 322,544, 
Line 218,538, 183,538, 183,565, 217,565, 
Arrow 217,565, 255,565, 
Arrow 250,466, 250,493, 
Arrow 933,625, 933,586, 
Arrow 116,509, 144,509, 
Arrow 116,563, 144,563, 

PenColor 0
BrushColor -1
AngleTextOut 0,Arial,20,286,474, << Университет
AngleTextOut 0,Arial,20,679,574, Спортивная >>
PenColor FFFFFF
AngleTextOut 0,Arial,20,284,473, << Университет
AngleTextOut 0,Arial,20,677,573, Спортивная >>
BrushColor FFFF

