size 719x963
Angle -65

BrushColor -1
PenColor 046434
AngleTextOut 0,Arial,20,179,309, << Водный стадион
AngleTextOut 0,Arial,20,357,429, Сокол >>
AngleTextOut 0,Arial,25,239,364, Войковская, 1
PenColor 00AFAF
AngleTextOut 0,Arial,15,176,512, Ленинградское шоссе
AngleTextOut 0,Arial,15,134,171, кинотеатр "Варшава"
AngleTextOut 90,Arial,15,11,278, Старопетровский проезд
AngleTextOut 65,Arial,15,658,892, ж/д платформа "Ленинградская"
AngleTextOut 90,Arial,15,627,619, улица Зои и Александра Космодемьянских
PenColor 0

BrushColor 046434
Polygon 177,336, 426,336, 426,353, 177,353, 
Polygon 177,410, 426,410, 426,427, 177,427, 

BrushColor 808080
Polygon 517,356, 536,356, 536,363, 525,363, 
Polygon 521,375, 536,375, 536,382, 521,382, 
Polygon 521,398, 536,398, 536,405, 521,405, 
Polygon 525,417, 536,417, 536,424, 519,424, 
Polygon 68,358, 86,358, 81,364, 68,364, 
Polygon 68,384, 68,378, 82,378, 82,384, 
Polygon 68,403, 68,397, 80,397, 85,403, 
Line 426,336, 459,336, 459,330, 532,330, 532,356, 
Line 532,330, 539,330, 539,312, 517,312, 
Line 517,288, 569,288, 569,298, 768,298, 
Line 768,320, 568,320, 568,437, 572,437, 572,667, 568,667, 568,679, 566,679, 566,683, 582,683, 
Line 582,698, 523,698, 
Line 523,683, 539,683, 539,678, 536,678, 536,666, 533,666, 533,436, 536,436, 536,424, 
Line 426,427, 459,427, 459,432, 532,432, 532,424, 
Line 426,410, 426,403, 
Line 423,403, 469,403, 469,432, 
Line 426,353, 426,360, 
Line 423,360, 469,360, 469,330, 
Line 177,353, 177,360, 
Line 181,360, 134,360, 134,330, 
Line 177,336, 144,336, 144,330, 72,330, 72,358, 
Line 68,358, 68,330, 64,330, 64,291, 
Line 38,291, 38,330, 35,330, 35,437, 32,437, 32,666, 36,666, 36,678, 38,678, 38,683, 22,683, 
Line 22,699, 81,699, 
Line 81,683, 65,683, 65,678, 68,678, 68,666, 71,666, 71,436, 68,436, 68,403, 
Line 177,427, 144,427, 144,432, 72,432, 72,403, 
Line 177,410, 177,403, 
Line 181,403, 134,403, 134,432, 
Stairs 38,291, 64,291, 38,313, 
Stairs 517,312, 517,288, 539,312, 
Stairs 768,320, 768,298, 743,320, 
Stairs 181,403, 181,360, 134,403, 
Stairs 423,403, 423,360, 469,403, 
Stairs 582,683, 582,698, 574,683, 
Stairs 81,699, 81,683, 73,699, 
Stairs 22,699, 22,683, 30,699, 
Stairs 523,698, 523,683, 531,698, 

PenColor FF0000
Arrow 96,371, 82,371, 
Arrow 537,370, 550,370, 
Arrow 41,520, 41,532, 
PenColor 009900
Arrow 86,390, 100,390, 
Arrow 523,391, 511,391, 
Arrow 523,414, 510,414, 
Arrow 62,533, 62,519, 

