size 1167x847
Angle -25
Line 979,-67, 
Railway 10, 14, 4, -1,302, 1082,302, 1
Railway 10, 14, 4, -2,409, 1083,409, 1
Railway 10, 14, 4, -2,432, 1081,432, 1
Railway 10, 14, 4, -1,279, 1082,279, 1

BrushColor AC24AC
Polygon 493,520, 493,600, 1070,600, 1070,520, 
Dashed 493,560, 1070,560, 

BrushColor B0B0B0
Polygon 280,600, 280,650, 1070,650, 1070,600, 
Polygon 10,450, 10,520, 1100,520, 1100,450, 
Polygon 10,320, 10,400, 1069,400, 1069,320, 
Polygon 160,230, 160,270, 1070,270, 1070,230, 

Dashed 640,620, 640,230, 
Dashed 700,470, 700,230, 
Dashed 700,620, 700,510, 
Dashed 370,650, 370,520, 
Dashed 370,450, 370,401, 
Dashed 370,320, 370,220, 
Dashed 280,230, 280,320, 
Dashed 280,400, 280,450, 
Dashed 280,520, 280,600, 
Dashed 960,600, 960,520, 
Dashed 960,450, 960,230, 
Dashed 1020,600, 1020,520, 
Dashed 1020,230, 1020,450, 

Line 220,340, 280,340, 280,320, 
Line 220,380, 280,380, 280,400, 
Line 370,320, 370,340, 430,340, 
Line 370,401, 370,380, 429,380, 

Line 280,230, 280,190, 450,190, 450,170, 340,170, 
Line 370,230, 370,220, 450,220, 450,230, 370,230, 
Line 340,190, 340,130, 370,130, 
Line 400,130, 430,130, 
Line 460,130, 490,130, 
Line 520,130, 550,130, 550,230, 

Line 600,150, 600,210, 640,210, 640,230, 
Line 620,150, 620,190, 720,190, 720,150, 
Line 700,230, 700,210, 740,210, 740,150, 

Line 960,200, 960,230, 
Line 1020,200, 1020,230, 

Line 170,450, 1100,450, 1100,520, 1060,520, 1060,500, 1020,500, 
Line 1020,509, 1020,480, 1070,480, 1070,470, 1000,470, 1000,480, 1020,480, 
Line 891,480, 891,500, 960,500, 960,480, 910,480, 910,470, 980,470, 980,480, 960,480, 
Line 790,480, 790,510, 590,510, 590,450, 
Line 700,480, 760,480, 760,470, 640,470, 640,507, 
Line 640,620, 611,620, 
Line 760,510, 760,500, 700,500, 700,510, 
Line 700,620, 730,620, 
Line 931,620, 960,620, 
Line 1020,620, 1050,620, 
Line 1070,650, 1020,650, 1020,640, 1050,640, 
Line 931,640, 960,640, 960,650, 700,650, 700,640, 730,640, 
Line 611,640, 640,640, 640,650, 370,650, 345,656, 
Line 292,665, 230,680, 170,680, 
Line 480,520, 480,508, 385,508, 385,520, 
Line 280,520, 280,490, 220,490, 

; турникеты
PenColor A0A0A0
Dashed 450,220, 550,220, 
Dashed 269,340, 269,380, 
Dashed 380,340, 380,380, 
Dashed 385,450, 385,508, 
Dashed 480,450, 480,508, 
Dashed 790,490, 891,490, 
Dashed 269,490, 269,520, 

PenColor 0

Stairs 440,190, 440,220, 370,190, 
Stairs 600,170, 620,170, 600,190, 
Stairs 720,170, 740,170, 720,190, 
Stairs 620,190, 620,210, 639,190, 
Stairs 700,190, 700,210, 720,190, 
Stairs 230,340, 230,380, 260,340, 
Stairs 390,340, 390,380, 420,340, 
Stairs 260,490, 260,520, 230,490, 
Stairs 720,480, 720,500, 740,480, 
Stairs 920,480, 920,500, 950,480, 
Stairs 1020,480, 1020,500, 1050,480, 
Stairs 280,620, 370,620, 280,640, 
Stairs 611,620, 611,640, 640,620, 
Stairs 700,620, 700,640, 730,620, 
Stairs 931,620, 931,640, 960,620, 
Stairs 1020,620, 1020,640, 1050,620, 

BrushColor -1
AngleTextOut 0,Arial,25,771,548, Выхино, 1
AngleTextOut 0,Arial,20,511,523, << Рязанский проспект
AngleTextOut 0,Arial,20,998,577, тупик >>
PenColor FFFFFF
AngleTextOut 0,Arial,20,509,522, << Рязанский проспект
AngleTextOut 0,Arial,20,996,576, тупик >>
AngleTextOut 0,Arial,25,769,546, Выхино, 1
PenColor 00AFAF
AngleTextOut 90,Arial,15,964,67, улица Вешняковская,
AngleTextOut 0,Arial,15,377,82, улица Красный Казанец
AngleTextOut 0,Arial,15,763,678, улица Хлобыстова
AngleTextOut 90,Arial,15,142,760, Автостанция
PenColor FFFFFF
AngleTextOut 0,Arial,15,17,474, ж/д платформа "Выхино"
AngleTextOut 0,Arial,15,14,349, ж/д платформа "Выхино"
AngleTextOut 0,Arial,25,440,233, "Спутник"
AngleTextOut 0,Arial,25,444,346, "Спутник"

AngleTextOut 0,Arial,15,33,452, << к Москве
AngleTextOut 0,Arial,15,453,320, << к Москве
AngleTextOut 0,Arial,15,31,380, от Москвы >>
AngleTextOut 0,Arial,15,544,250, от Москвы >>

PenColor 0
AngleTextOut 0,Arial,15,378,168, кассы
AngleTextOut 0,Arial,15,1014,465, кассы
AngleTextOut 0,Arial,15,415,503, кассы
AngleTextOut 90,Arial,15,1096,512, милиция

PenColor FF0000
Arrow 980,243, 980,200, 
Arrow 520,238, 520,210, 
Arrow 220,370, 280,370, 
Arrow 430,350, 370,350, 
Arrow 230,510, 278,510, 
Arrow 307,646, 307,690, 
Arrow 580,630, 620,630, 
Arrow 660,630, 660,660, 
Arrow 760,630, 720,630, 
Arrow 900,630, 940,630, 
Arrow 980,630, 980,660, 
Arrow 1060,630, 1028,630, 
PenColor 009900
Arrow 334,690, 334,646, 
Arrow 680,660, 680,630, 
Arrow 1000,660, 1000,630, 
Arrow 278,500, 230,500, 
Line 463,483, 529,483, 
Arrow 529,483, 529,508, 
Arrow 710,490, 760,490, 
Arrow 840,480, 840,500, 
Arrow 950,490, 910,490, 
Line 1060,490, 1081,490, 1081,460, 990,460, 
Arrow 990,460, 990,490, 
Arrow 1000,200, 1000,243, 
Arrow 480,210, 480,240, 
Arrow 370,370, 430,370, 
Arrow 280,350, 220,350, 
BrushColor FFFF
