Size 860x720
Angle 45

BrushColor -1
PenColor 84ACBC
AngleTextOut 0, Arial, 20, 64, 128, << ул.Академика Королёва
AngleTextOut 0, Arial, 30, 214, 232, Выставочный центр
AngleTextOut 0, Arial, 20, 406, 353, ул. Сергея Эйзенштейна >>
PenColor 00AFAF
AngleTextOut -90, Arial, 15, 886, 342, 1-ый Поперечный проезд
AngleTextOut 0, Arial, 15, 276, 688, 1-ый Продольный проезд
PenColor 000000

BrushColor 84ACBC
Polygon 648,316, 648,354, 58,354, 58,316
Polygon 648,152, 648,190, 58,190, 58,152

PenColor FF0000
Arrow 513,472, 536,472
Line 454,503, 435,503, 435,472, 513,472
;Arrow 578,182, 578,152
Arrow 668,306, 630,306
PenColor 009900
Arrow 630,200, 668,200
Line 536,585, 435,585, 435,551
Arrow 435,551, 456,551
;Arrow 550,584, 500,584
;Arrow 610,312, 590,312

PenColor 000000

;Правый вестибюль
;Line 664,405, 664,468
Line 746,190, 746,210, 752,210, 758,228, 762,254, 758,280, 752,296, 746,296, 746,316
Line 648,296, 634,296, 626,280, 620,254, 624,228, 632,210, 648,210
Line 746,316, 648,316
Line 648,190, 746,190
Line 648,296, 698,296
Line 648,210, 698,210

;Эскалаторы
Dashed 698,296, 698,210
;Dashed 772,429, 746,429
;Dashed 772,444, 746,444
Dashed 632,210, 584,210
Dashed 634,296, 584,296
Line 624,238, 698,238
Line 624,268, 698,268
Line 524,460, 524,427, 375,427
Line 524,596, 524,629, 375,629
PenColor 777777
Arrow 576,526, 547,526
Arrow 606,252, 576,252
Dashed 576,252, 576,252, 576,526, 576,526
PenColor 000000


Line 524,484, 572,484
Line 524,572, 572,572
Dashed 524,572, 524,484
Line 524,460, 486,460, 486,436, 434,436, 434,460, 398,460, 398,596, 434,596, 434,620, 486,620, 486,596, 524,596
Line 524,510, 562,510
Line 524,542, 562,542

;кассы
Line 398,566, 380,566, 380,516, 398,516
BrushColor -1
AngleTextOut 90, Arial, 14, 381, 561, Кассы

;Лифт

;Железная дорога

;Левый вестибюль
PenColor 000000
Line 58,190, 58,210, 72,210, 80,228, 84,254, 80,280, 72,296, 58,296, 58,316

;Турникеты
Line 524,484, 478,484
Line 524,572, 478,572
;Line 504,510, 507,510, 507,518, 504,518, 504,510
Spline 466,536, 460,532, 460,524, 466,520
Spline 476,536, 482,532, 482,524, 476,520
Line 466,520, 476,520
Line 466,536, 476,536
Line 462,512, 478,512
Line 462,498, 478,498
Line 462,484, 478,484
Line 462,544, 478,544
Line 462,558, 478,558
Line 462,572, 478,572

PenColor 777777
Line 524,427, 565,427, 565,484
Line 524,430, 562,430, 562,484
Line 524,433, 559,433, 559,484
Line 524,436, 556,436, 556,484

Line 524,629, 565,629, 565,572
Line 524,626, 562,626, 562,572
Line 524,623, 559,623, 559,572
Line 524,620, 556,620, 556,572

PenColor 040464
SpotRect 373, 795, 180, 15, LoadVec VDNH-VystavochnyCentr.vec
TextOut Arial, 10, 373, 795, Схема перехода к станции метро "ВДНХ", 5

