Size 1230x1118
Angle 30

BrushColor -1
AngleTextOut -90, Arial, 15, 882, 295, кассы
AngleTextOut -90, Arial, 15, 162, 390, кассы
PenColor 2C7CAC
AngleTextOut 0, Arial, 20, 274, 137, << Международная
AngleTextOut 0, Arial, 20, 635, 325, Киевская >>
AngleTextOut 0, Arial, 25, 432, 226, Выставочная, 1
PenColor 00AFAF
AngleTextOut 0, Arial, 15, 875, 950, Краснопресненская набережная
AngleTextOut -90, Arial, 15, 939, 654, Переходный проезд
AngleTextOut -90, Arial, 15, 736, 1043, 'мост "Багратион"'
AngleTextOut -90, Arial, 15, 711, 1072, Кутузовский проспект >>
AngleTextOut 0, Arial, 15, 638, 104, 1-й Красногвардейский проезд
AngleTextOut -90, Arial, 15, 590, -78, улица Антонова-Овсеенко
AngleTextOut 0, Arial, 15, 454, 476, << Международный Деловой центр
PenColor 000000

BrushColor 2C7CAC
PenColor 2C7CAC
Polygon 265,161, 265,192, 778,192, 778,161
Polygon 265,293, 265,326, 778,326, 778,293
PenColor 000000

BrushColor 808080
Polygon 385,206, 395,206, 395,216, 385,216
Polygon 435,206, 445,206, 445,216, 435,216
Polygon 485,206, 495,206, 495,216, 485,216
Polygon 535,206, 545,206, 545,216, 535,216
Polygon 585,206, 595,206, 595,216, 585,216
Polygon 635,206, 645,206, 645,216, 635,216

Polygon 335,266, 345,266, 345,276, 335,276
Polygon 385,266, 395,266, 395,276, 385,276
Polygon 435,266, 445,266, 445,276, 435,276
Polygon 485,266, 495,266, 495,276, 485,276
Polygon 535,266, 545,266, 545,276, 535,276
Polygon 585,266, 595,266, 595,276, 585,276
Polygon 635,266, 645,266, 645,276, 635,276
Polygon 685,266, 695,266, 695,276, 685,276
Polygon 542,385, 583,385, 583,427, 542,427
Polygon 600,384, 644,384, 644,427, 600,427
Polygon 661,402, 672,402, 672,414, 661,414

Line 158,482, 158,161, 866,161, 866,356, 843,379, 778,379, 778,596
Line 778,638, 778,660
Line 778,702, 778,724
Line 778,766, 778,846
Line 802,854, 809,847
Line 847,880, 840,887
Line 759,1011, 755,1025
Line 710,1012, 715,997
Line 738,850, 738,766
Line 738,724, 738,702
Line 738,660, 738,638
Line 738,596, 738,326, 300,326, 300,381
Line 300,432, 300,461, 213,461, 213,482
Line 207,461, 162,461
Line 304,277, 304,289, 727,289, 727,277
Line 265,244, 224,244
Line 224,227, 265,227
Line 224,210, 265,210
Line 778,200, 817,200
Line 778,219, 817,219
Line 778,242, 817,242
Line 778,274, 817,274
Line 751,794, 751,846
Line 760,794, 760,846
Line 769,794, 769,846
Line 672,348, 672,355, 524,355, 524,374, 480,374, 480,381
Line 480,432, 480,440, 524,440, 524,455, 672,455, 672,473
Line 265,279, 224,279
Line 866,282, 879,295, 879,333, 866,346
Line 158,437, 145,425, 145,390, 158,378
Line 751,529, 751,568
Line 765,529, 765,568
Line 300,397, 319,397
Line 300,415, 319,415
Line 460,399, 479,399
Line 460,415, 480,415
Line 778,274, 778,200
Line 265,279, 265,210

Dashed 300,432, 300,381
Dashed 480,432, 480,381
Dashed 751,794, 778,794
Dashed 751,846, 778,846
Dashed 480,432, 300,432
Dashed 480,381, 300,381
Dashed 817,200, 817,242
Dashed 224,210, 224,244
Dashed 738,529, 778,529
Dashed 738,568, 778,568

Spline 304,277, 329,242, 367,215, 407,200, 453,193, 504,192, 565,193, 617,200, 664,219, 699,245, 727,277
Spline 480,432, 460,415, 460,399, 480,381
Spline 300,432, 319,415, 319,397, 300,381
Spline 738,596, 729,604, 724,618, 729,631, 738,638
Spline 738,660, 729,667, 724,681, 729,694, 738,702
Spline 738,724, 729,732, 724,745, 729,758, 738,766
Spline 778,766, 787,758, 792,745, 787,732, 778,724
Spline 778,702, 787,694, 792,681, 787,668, 778,660
Spline 778,638, 787,631, 792,618, 787,604, 778,596
Spline 738,850, 713,861, 689,883, 676,915, 679,954, 697,982, 715,997
Spline 759,1011, 784,1008, 813,997, 838,973, 850,942, 850,915, 840,887
Spline 802,854, 791,849, 778,846

Stairs 738,794, 751,794, 738,846
Stairs 778,242, 778,274, 817,242
Stairs 663,455, 663,414, 672,455
Stairs 663,402, 663,355, 672,402
Stairs 600,384, 600,355, 635,384
Stairs 600,427, 600,455, 635,427
Stairs 265,244, 265,279, 224,244

PenColor FF0000
Arrow 628,440, 646,440
Arrow 487,423, 509,423
Line 803,210, 835,210
Line 835,179, 749,179
Arrow 749,179, 749,228
Line 835,210, 835,179
Arrow 753,769, 753,786
Arrow 825,883, 844,864
Arrow 749,1002, 742,1025
Arrow 271,422, 293,422
Arrow 188,318, 188,349
Line 215,225, 189,225
Arrow 189,225, 189,247
PenColor 009900
Arrow 509,391, 487,391
Arrow 770,786, 770,769
Arrow 827,851, 809,869
Arrow 724,1019, 732,996
Line 768,380, 768,358
Arrow 768,358, 793,358
Arrow 646,371, 628,371
Arrow 825,256, 800,256
Arrow 847,291, 847,273
Arrow 217,262, 245,262
Arrow 212,349, 212,318
Arrow 292,390, 271,390

PenColor FF4040
BrushColor -1
Dashed 728,352, 870,352, 870,1038, 666,1038, 665,514, 728,514, 728,352
AngleTextOut -90, Arial, 20, 899, 398, выход на реконструкции, 1

