size 1280x800
Angle 163

BrushColor -1
PenColor F7782E
AngleTextOut 180,Arial,20,786,528, << Теплый Стан
AngleTextOut 180,Arial,20,631,341, Новоясеневская >>
AngleTextOut 180,Arial,25,683,435, Ясенево, 1
PenColor 00AFAF
AngleTextOut 180,Arial,15,153,378, Новоясеневский проспект
AngleTextOut 180,Arial,15,1246,268, Новоясеневский проспект
AngleTextOut -90,Arial,15,919,609, Тарусская улица
AngleTextOut -90,Arial,15,926,69, Тарусская улица
AngleTextOut -90,Arial,15,361,605, Ясногорская улица
AngleTextOut -90,Arial,15,361,98, Ясногорская улица
PenColor 0

BrushColor FC9C54
Polygon 462,343, 794,343, 794,377, 462,377, 
Polygon 462,468, 794,468, 794,502, 462,502, 

BrushColor 808080
Polygon 794,343, 848,343, 848,385, 794,385, 
Polygon 794,502, 794,460, 848,460, 848,502, 
Polygon 462,343, 408,343, 408,385, 462,385, 
Polygon 462,502, 462,460, 408,460, 408,502, 
Polygon 924,374, 945,374, 945,471, 924,471, 
Polygon 311,374, 332,374, 332,471, 311,471, 
Polygon 235,343, 268,343, 268,385, 235,385, 
Polygon 235,502, 235,460, 268,460, 268,502, 
Line 848,343, 965,343, 965,189, 959,189, 
Line 1003,189, 995,189, 995,296, 1063,296, 
Line 1063,319, 995,319, 995,547, 1063,547, 
Line 1063,570, 770,570, 
Line 770,547, 828,547, 828,535, 966,535, 966,502, 848,502, 
Line 311,560, 253,560, 253,574, 205,574, 205,219, 253,219, 253,232, 311,232, 
Line 433,562, 387,562, 350,539, 252,539, 
Line 433,540, 394,540, 356,517, 235,517, 235,502, 

Line 235,343, 235,278, 356,278, 394,254, 433,254, 
Line 433,232, 387,232, 350,254, 252,254, 

Line 408,343, 268,343, 
Line 408,502, 268,502, 
Stairs 268,460, 268,385, 259,460, 
Stairs 433,232, 433,254, 404,232, 
Stairs 311,232, 311,254, 260,232, 
Stairs 460,385, 460,460, 410,385, 
Stairs 311,560, 311,539, 260,560, 
Stairs 433,562, 433,540, 404,562, 
Stairs 770,547, 770,570, 821,547, 
Stairs 848,460, 848,385, 797,460, 
Stairs 1063,547, 1063,570, 995,547, 
Stairs 1063,296, 1063,319, 995,296, 

PenColor FF0000
Arrow 919,487, 950,487, 
Arrow 337,489, 306,489, 
PenColor 009900
Arrow 949,359, 919,359, 
Arrow 307,361, 339,361, 

