size 658x836
Angle 70

BrushColor -1
PenColor E41c0c
AngleTextOut 0,Arial,20,239,333, << тупик
AngleTextOut 0,Arial,20,341,490, Проспект Вернадского >>
AngleTextOut 0,Arial,25,251,406, Юго-Западная, 1
PenColor 00AFAF
AngleTextOut 0,Arial,15,370,305, проспект Вернадского
AngleTextOut 0,Arial,15,373,530, проспект Вернадского
AngleTextOut -90,Arial,15,328,112, улица Покрышкина
AngleTextOut -120,Arial,15,135,594, улица 26 Бакинских комиссаров
AngleTextOut -130,Arial,15,646,91, улица Коштоянца
PenColor 0

BrushColor E41c0c
Polygon 222,380, 222,355, 433,355, 433,380, 
Polygon 221,483, 221,457, 433,457, 433,483, 

BrushColor 808080
Polygon 433,355, 433,393, 504,393, 504,355, 
Polygon 433,483, 433,444, 504,444, 504,483, 
Polygon 221,483, 221,444, 151,444, 151,483, 
Polygon 222,355, 221,393, 151,393, 151,355, 
Polygon 48,383, 73,383, 73,454, 48,454, 
Polygon 581,382, 607,382, 607,454, 581,454, 
Line 504,355, 611,355, 611,257, 586,257, 
Line 586,217, 679,217, 
Line 679,257, 652,257, 652,579, 677,579, 
Line 677,619, 585,619, 
Line 585,579, 610,579, 610,483, 504,483, 
Line 151,483, 43,483, 43,578, 69,578, 
Line 69,618, -23,618, 
Line -23,578, 2,578, 2,257, -23,257, 
Line -23,217, 68,217, 
Line 68,257, 44,257, 44,355, 151,355, 
Stairs 68,257, 68,217, 44,257, 
Stairs -23,257, -23,217, 2,257, 
Stairs 69,578, 69,618, 43,578, 
Stairs -23,578, -23,618, 2,578, 
Stairs 585,579, 585,619, 610,579, 
Stairs 677,579, 677,619, 652,579, 
Stairs 679,257, 679,217, 652,257, 
Stairs 586,257, 586,217, 611,257, 
Stairs 500,444, 500,393, 472,444, 
Stairs 433,444, 433,393, 459,444, 
Stairs 156,444, 156,393, 184,444, 
Stairs 221,444, 221,393, 196,444, 

PenColor DD0000
Arrow 569,368, 622,368, 
Arrow 85,368, 32,368, 
PenColor 009900
Arrow 620,467, 563,467, 
Arrow 31,467, 87,467, 
