Size 900x600
Angle 25

PenColor 000000
BrushColor DC004B
Polygon 541,392, 541,377, -1,377, -1,392
Polygon -1,262, -1,247, 541,247, 541,262

Line -1,262, -1,276, 81,276, 81,363, -1,363, -1,377
Line 541,262, 541,276, 448,276, 448,285, 489,285, 489,279
Line 541,377, 541,363, 448,363, 448,353, 489,353, 489,360
Dashed 489,360, 690,360, 690,279, 489,279, 489,360

Line 675,279, 682,258, 748,192, 814,258, 814,272
Line 814,368, 814,382, 748,448, 682,382, 675,360
Line 814,305, 814,333
Line 814,319, 690,319

PenColor FF0000
Arrow 781,350, 838,350
PenColor 009900
Arrow 838,288, 781,288
Dashed 740,319, 708,232

BrushColor -1
PenColor DC004B
AngleTextOut 0, Arial, 20, 326, 393, Гражданский проспект >>
AngleTextOut 0, Arial, 20, 20, 222, << Политехническая
AngleTextOut 0, Arial, 25, 187, 301, Академическая, 1

PenColor 00AFAF
AngleTextOut 45, Arial, 15, 754, 511, Гражданский проспект
AngleTextOut -45, Arial, 15, 795, 150, проспект Науки
