Size 1100x1230
Angle 10

PenColor 000000
BrushColor EA7B16
Polygon 46,1001, 46,987, 604,987, 604,1001
Polygon 46,1119, 46,1133, 604,1133, 604,1119

Line 46,1001, 46,1032, 9,1032, 9,1010, -1,986, 14,966
Line -40,953, -36,983, -36,987, -25,1001, -25,1009, -27,1009, -27,1023, -52,1023, -52,1098, 46,1098, 46,1119
Line -13,1000, -13,1021, -7,1021, -7,1010, -13,1000
Dashed -40,953, 14,966, 54,792, 1,779, -40,953

Spline -20,837, -2,860, 24,876, 58,882, 92,873
Spline 119,852, 130,835, 137,816
Spline 137,780, 124,750, 100,726, 61,713, 26,718, -2,735, -21,760
Spline -16,766, -22,786, -22,809, -16,829
Line -16,766, -21,760
Line -16,829, -20,837
Line 127,840, 105,823, 93,767, 37,754, 29,786
Dashed 32,775, -15,764


Line 604,1119, 604,1089, 624,1089
Line 604,1001, 604,1031, 624,1031

Dashed 624,1089, 624,1031, 776,1031, 776,1089, 624,1089

Line 776,1031, 828,1031, 828,1024, 898,999, 923,986, 920,979, 928,975, 895,913, 881,920
Line 776,1089, 827,1089, 827,1093, 922,1056, 952,1040, 954,1044, 1023,1008, 988,943, 979,948, 946,886, 959,879

BrushColor 00873A
Polygon 959,879, 972,872, 751,455, 737,462
Polygon 881,920, 869,927, 648,511, 660,504

Line 737,462, 721,471, 695,422
Line 660,504, 672,497, 646,448

Dashed 646,448, 695,422, 537,125, 488,151, 646,448

Line 620,35, 737,256, 484,391, 367,170
Spline 367,170, 366,152, 373,131, 391,113, 417,97
Spline 620,35, 608,23, 586,19, 555,26, 533,35
Line 417,97, 430,122, 439,117
Line 533,35, 547,61, 535,67
Spline 535,67, 515,54, 497,53, 473,63, 451,78, 441,93, 439,117
Spline 494,162, 470,157, 451,139
Line 451,139, 441,145, 492,241
Spline 492,241, 515,255, 544,255, 568,247, 592,229, 607,206, 609,179
Line 609,179, 558,82, 546,88
Spline 546,88, 551,111, 542,134

Line 483,82, 513,138
Dashed 483,82, 546,88

PenColor FF0000
Arrow 97,853, 112,873
Arrow 449,131, 429,139
PenColor 008000
Arrow 149,797, 123,797
Arrow 559,72, 540,78

BrushColor -1
PenColor EA7B16
AngleTextOut 0, Arial, 20, 54, 961, << Лиговский пр.
AngleTextOut 0, Arial, 20, 441, 1133, Новочеркасская >>
AngleTextOut 0, Arial, 25, 252, 1047, пл.Ал.Невского-II, 1

PenColor 00873A
AngleTextOut -62, Arial, 20, 783, 455, << Маяковская
AngleTextOut -62, Arial, 20, 795, 792, Елизаровская >>
AngleTextOut -62, Arial, 25, 785, 611, пл.Ал.Невского-I, 1

PenColor 00AFAF
AngleTextOut -10, Arial, 15, 335, 918, площадь Александра Невского
AngleTextOut -50, Arial, 15, 213, 615, Невский проспект
AngleTextOut 40, Arial, 15, 179, 92, улица Александра Невского
