Size 310x700
Angle -80

PenColor 000000
BrushColor DC004B
Polygon 26,371, 26,357, 476,357, 476,371
Polygon 26,450, 26,464, 476,464, 476,450

Line 476,371, 476,388, 443,388, 443,434, 476,434, 476,450

Line 26,371, 26,392
Line 26,450, 26,433
Line -5,392, 35,392
Line -5,433, 35,433
Stairs -5,392, -5,433, 12,392
Stairs 35,392, 35,433, 20,392

Line 26,371, -49,371, -49,320
Line 26,450, -86,450, -86,372, -83,372, -83,320
Spline -49,320, -29,305, -20,278, -32,246, -55,232, -77,232, -100,245, -112,277, -103,305, -83,320
Spline -91,295, -96,275, -88,256, -74,248
Spline -59,248, -44,257, -36,275, -41,295
Line -68,390, -68,372
Dashed -83,372, -68,372
Dashed -68,390, -26,371
Railway 16, 16, 3, -103,305, -109,294, -112,282
Railway 16, 16, 3, -111,271, -108,259, -102,248
Railway 16, 16, 3, -97,242, -88,236, -77,232
Railway 16, 16, 3, -55,232, -43,237, -35,243
Railway 16, 16, 3, -29,250, -24,260, -21,270
Railway 16, 16, 3, -20,278, -22,292, -29,305

Line 18,296, 18,320, 95,320, 95,296
Line 76,296, 76,278
Line 36,295, 36,278
Line 50,296, 50,284, 62,284, 62,296, 50,296
Spline 36,278, 17,263, 9,240, 18,211, 41,194, 68,193, 94,210, 102,238, 96,261, 76,278
Spline 46,216, 35,225, 32,237, 35,250, 48,260
Spline 66,260, 77,249, 80,236, 75,224, 64,216
Line 64,216, 64,208, 68,193
Line 46,216, 46,208, 41,194
Stairs 46,216, 64,216, 46,208

PenColor FF0000
Arrow 43,285, 43,294
Arrow 53,201, 53,210
Arrow 44,198, 51,196
Arrow -100,259, -96,253
Arrow -74,363, -74,354
Arrow -69,238, -69,245
PenColor 008000
Arrow 69,294, 69,284
Arrow 58,210, 58,201
Arrow 59,196, 65,197
Arrow -64,245, -64,238
Arrow -34,258, -31,265
Arrow -55,353, -55,362

BrushColor -1
PenColor DC004B
AngleTextOut 0, Arial, 20, 27, 333, << Кировский Завод
AngleTextOut 0, Arial, 20, 281, 465, Ленинский проспект >>
AngleTextOut 0, Arial, 25, 214, 395, Автово, 1

PenColor 00AFAF
AngleTextOut 0, Arial, 15, -199, 400, проспект Стачек
