Size 980x360

Angle 180
BrushColor DC004B
Polygon 39,41, 577,41, 577,26, 39,26
Polygon 39,140, 577,140, 577,155, 39,155
Line 39,42, 39,55, 52,55, 52,65, 43,65, 43,62, 26,62, 26,119, 43,119, 43,115, 52,115, 52,125, 39,125, 39,140
Line 577,140, 577,126, 567,126, 567,117, 574,117, 574,109, 582,109, 582,116, 597,116, 597,121, 615,121, 615,116
Line 577,42, 577,54, 567,54, 567,64, 574,64, 574,71, 582,71, 582,64, 597,64, 597,59, 615,59, 615,65
BrushColor 7F7F7F
Polygon 49,52, 55,52, 55,60, 53,62, 51,62, 49,60
Polygon 67,52, 73,52, 73,60, 71,62, 69,62, 67,60
Polygon 86,52, 92,52, 92,60, 90,62, 88,62, 86,60
Polygon 104,52, 110,52, 110,60, 108,62, 106,62, 104,60
Polygon 123,52, 129,52, 129,60, 127,62, 125,62, 123,60
Polygon 141,52, 147,52, 147,60, 145,62, 143,62, 141,60
Polygon 160,52, 166,52, 166,60, 164,62, 162,62, 160,60
Polygon 178,52, 184,52, 184,60, 182,62, 180,62, 178,60
Polygon 196,52, 202,52, 202,60, 200,62, 198,62, 196,60
Polygon 214,52, 220,52, 220,60, 218,62, 216,62, 214,60
Polygon 233,52, 239,52, 239,60, 237,62, 235,62, 233,60
Polygon 252,52, 258,52, 258,60, 256,62, 254,62, 252,60
Polygon 270,52, 276,52, 276,60, 274,62, 272,62, 270,60
Polygon 288,52, 294,52, 294,60, 292,62, 290,62, 288,60
Polygon 306,52, 312,52, 312,60, 310,62, 308,62, 306,60
Polygon 325,52, 331,52, 331,60, 329,62, 327,62, 325,60
Polygon 343,52, 349,52, 349,60, 347,62, 345,62, 343,60
Polygon 362,52, 368,52, 368,60, 366,62, 364,62, 362,60
Polygon 381,52, 387,52, 387,60, 385,62, 383,62, 381,60
Polygon 399,52, 405,52, 405,60, 403,62, 401,62, 399,60
Polygon 417,52, 423,52, 423,60, 421,62, 419,62, 417,60
Polygon 435,52, 441,52, 441,60, 439,62, 437,62, 435,60
Polygon 454,52, 460,52, 460,60, 458,62, 456,62, 454,60
Polygon 472,52, 478,52, 478,60, 476,62, 474,62, 472,60
Polygon 491,52, 497,52, 497,60, 495,62, 493,62, 491,60
Polygon 509,52, 515,52, 515,60, 513,62, 511,62, 509,60
Polygon 527,52, 533,52, 533,60, 531,62, 529,62, 527,60
Polygon 546,52, 552,52, 552,60, 550,62, 548,62, 546,60
Polygon 564,52, 570,52, 570,60, 568,62, 566,62, 564,60
Polygon 49,128, 55,128, 55,120, 53,118, 51,118, 49,120
Polygon 67,128, 73,128, 73,120, 71,118, 69,118, 67,120
Polygon 86,128, 92,128, 92,120, 90,118, 88,118, 86,120
Polygon 104,128, 110,128, 110,120, 108,118, 106,118, 104,120
Polygon 123,128, 129,128, 129,120, 127,118, 125,118, 123,120
Polygon 141,128, 147,128, 147,120, 145,118, 143,118, 141,120
Polygon 160,128, 166,128, 166,120, 164,118, 162,118, 160,120
Polygon 178,128, 184,128, 184,120, 182,118, 180,118, 178,120
Polygon 196,128, 202,128, 202,120, 200,118, 198,118, 196,120
Polygon 214,128, 220,128, 220,120, 218,118, 216,118, 214,120
Polygon 233,128, 239,128, 239,120, 237,118, 235,118, 233,120
Polygon 252,128, 258,128, 258,120, 256,118, 254,118, 252,120
Polygon 270,128, 276,128, 276,120, 274,118, 272,118, 270,120
Polygon 288,128, 294,128, 294,120, 292,118, 290,118, 288,120
Polygon 306,128, 312,128, 312,120, 310,118, 308,118, 306,120
Polygon 325,128, 331,128, 331,120, 329,118, 327,118, 325,120
Polygon 343,128, 349,128, 349,120, 347,118, 345,118, 343,120
Polygon 362,128, 368,128, 368,120, 366,118, 364,118, 362,120
Polygon 381,128, 387,128, 387,120, 385,118, 383,118, 381,120
Polygon 399,128, 405,128, 405,120, 403,118, 401,118, 399,120
Polygon 417,128, 423,128, 423,120, 421,118, 419,118, 417,120
Polygon 435,128, 441,128, 441,120, 439,118, 437,118, 435,120
Polygon 454,128, 460,128, 460,120, 458,118, 456,118, 454,120
Polygon 472,128, 478,128, 478,120, 476,118, 474,118, 472,120
Polygon 491,128, 497,128, 497,120, 495,118, 493,118, 491,120
Polygon 509,128, 515,128, 515,120, 513,118, 511,118, 509,120
Polygon 527,128, 533,128, 533,120, 531,118, 529,118, 527,120
Polygon 546,128, 552,128, 552,120, 550,118, 548,118, 546,120
Polygon 564,128, 570,128, 570,120, 568,118, 566,118, 564,120
Spline 742,57, 768,42, 801,47, 822,69
Spline 826,94, 818,115, 799,132
Spline 759,132, 748,126, 741,119
Spline 685,170, 695,193, 685,219
Spline 792,194, 796,186, 792,178
Line 822,69, 860,69, 912,81, 913,78, 923,80, 922,85
Line 826,94, 857,94, 907,105, 905,107, 916,110, 917,104
Line 920,91, 918,99
Line 799,132, 811,150, 811,167, 819,167, 819,187, 816,187, 816,191, 819,191, 819,202, 816,202, 816,207, 822,207
Line 797,207, 801,207, 801,202, 799,202, 799,191, 801,191, 801,187, 799,187, 799,154, 785,131, 785,154, 788,161, 788,164, 792,164, 792,178
Line 792,195, 792,214, 742,214, 742,225, 734,225, 734,232, 742,232
Line 685,219, 685,225, 701,225, 701,232, 695,232
Line 685,170, 685,163, 697,163, 697,168, 701,168, 701,165, 709,165, 709,168, 713,168, 713,165, 721,165, 721,168, 725,168, 725,165, 732,165, 732,168, 752,168, 752,163, 755,163, 755,160, 758,155, 758,131
Line 802,190, 806,190
Line 812,190, 816,190
Line 802,205, 806,205
Line 812,205, 816,205
Line 701,229, 706,229
Line 710,229, 715,229
Line 719,229, 723,229
Line 727,229, 734,229
Stairs 831,69, 831,94, 851,69
Polygon 826,78, 851,78, 851,84, 826,84
Stairs 799,154, 811,154, 799,164
Stairs 758,142, 785,142, 758,151
Ellipse 754,205, 759,210
Ellipse 770,205, 775,210
Ellipse 784,205, 789,210
Ellipse 790,192, 795,197
Ellipse 790,175, 795,180
Ellipse 753,162, 758,167
Ellipse 770,162, 775,167
Ellipse 785,162, 790,167
Ellipse 855,77, 862,84
Ellipse 876,81, 883,88
Ellipse 896,86, 903,93
Polygon 913,105, 912,109, 916,110, 916,106
Polygon 920,80, 918,83, 922,85, 923,80
Polygon 754,212, 760,212, 760,217, 754,217
Polygon 769,212, 775,212, 775,217, 769,217
Polygon 783,212, 789,212, 789,217, 783,217
Polygon 755,155, 760,155, 760,160, 755,160
Polygon 769,155, 774,155, 774,160, 769,160
Polygon 783,155, 788,155, 788,160, 783,160
Polygon 755,140, 760,140, 760,131, 755,131
Polygon 770,140, 775,140, 775,131, 770,131
Polygon 783,140, 783,131, 788,131, 788,140
BrushColor FFFFFF
Polygon 614,97, 605,97, 605,105, 614,105
Polygon 749,81, 749,75, 760,75, 760,81
Polygon 728,179, 735,172, 731,168, 724,175
Polygon 766,202, 773,195, 777,199, 770,206
PenColor 7F7F7F
Line 785,131, 761,100, 749,100
Line 766,197, 770,193, 2
Line 763,195, 767,191, 2
Line 759,192, 763,188, 2
Line 756,189, 760,185, 2
Line 753,187, 757,183, 2
Line 750,185, 754,181, 2
Line 747,182, 751,178, 2
Line 744,180, 748,176, 2
Line 741,178, 745,174, 2
Line 738,176, 742,172, 2
Line 735,174, 739,170, 2
BrushColor 7F7F7F
Polygon 615,116, 749,116, 749,121, 615,121
Polygon 615,105, 615,95, 749,95, 749,105
Polygon 615,83, 615,74, 749,74, 749,83
Polygon 615,64, 749,64, 749,59, 615,59
Stairs 615,59, 615,121, 749,59
PenColor 000000
Dashed 615,121, 742,121
Dashed 615,59, 742,59
Spline 615,59, 639,90, 615,121
Spline 742,59, 718,90, 742,121
PenColor FF0000
Arrow 913,94, 928,98
Arrow 809,197, 809,215
PenColor 009900
Arrow 716,235, 716,218

BrushColor -1
PenColor 650022
AngleTextOut 180, Arial, 30, 382, 103, Балтийская, 1
PenColor DC004B
AngleTextOut 180, Arial, 20, 577, 175, << Нарвская
AngleTextOut 180, Arial, 20, 274, 26, Технологический Институт >>
AngleTextOut 180, Arial, 30, 383, 104, Балтийская, 1
PenColor 00AFAF
AngleTextOut 270, Arial, 18, 617, 156, Митрофаньевское шоссе
AngleTextOut 180, Arial, 20, 937, 306, Площадь Балтийского вокзала
AngleTextOut 270, Arial, 18, 957, 36, Балтийский вокзал



