Size 530x830
Angle -90

PenColor 000000
BrushColor DC004B
Polygon 91,402, 91,388, 493,388, 493,402
Polygon 91,481, 91,495, 493,495, 493,481

Line 487,481, 487,468, 378,468, 378,415, 487,415, 487,402
Line 97,402, 97,412, 225,412, 225,420, 196,420
Line 97,481, 97,471, 225,471, 225,464, 196,464

Dashed 196,464, 196,420, 24,420, 24,464, 196,464

Line 24,420, -56,420
Line -56,444, -45,444, -45,510, -12,510, -12,501
Line 15,501, 15,510, 44,510, 44,476, -24,476, -24,464, 24,464
Dashed -24,476, -45,510
Line -45,444, 24,444

PenColor FF0000
Arrow -45,430, -57,430
PenColor 008000
Arrow 2,524, 2,513

BrushColor -1
PenColor DC004B
AngleTextOut 0, Arial, 20, 96, 366, << Площадь Ленина
AngleTextOut 0, Arial, 20, 288, 496, Площадь Восстания >>
AngleTextOut 0, Arial, 25, 201, 426, Чернышевская, 1

PenColor 00AFAF
AngleTextOut 0, Arial, 15, -47, 562, проспект Чернышевского
AngleTextOut 90, Arial, 15, -140, 279, Фуршатская улица
AngleTextOut 90, Arial, 15, 289, 668, Кирочная улица
AngleTextOut 0, Arial, 15, 549, 298, улица Восстания
