Size 560x1050
Angle -80

PenColor 000000
BrushColor 0071B9
Polygon -245,561, -245,547, 313,547, 313,561
Polygon -245,679, -245,693, 313,693, 313,679

Line -245,679, -245,663, -178,663, -178,653, -202,641, -210,641, -210,600, -202,600, -178,588, -178,578, -245,578, -245,561
Line -178,583, -156,583, -139,600, -139,641, -156,658, -178,658

Line 313,561, 313,585, 408,585
Line 313,679, 313,656, 408,656
Stairs 313,585, 313,656, 333,585
Stairs 346,585, 346,656, 366,585

Dashed 408,656, 408,585, 641,585, 641,656, 408,656

Line 601,697, 608,697, 608,673, 591,673, 560,642, 560,600, 591,569, 677,569, 677,558
Line 704,558, 704,569, 712,569, 715,572, 722,565
Line 588,486, 610,508, 780,508
Line 780,608, 747,608, 747,590, 739,582, 732,589, 735,592, 735,720, 709,746, 608,746, 608,729, 598,729, 574,753, 574,771
Spline 574,771, 580,778, 574,785
Line 574,785, 574,807
Line 540,807, 540,785
Spline 540,785, 534,778, 540,771
Line 540,771, 540,753, 512,753

Stairs 780,508, 780,608, 766,508
Stairs 574,803, 540,803, 574,789

;Stairs 776,278, 776,102, 795,278
;Stairs 858,20, 776,102, 871,33
Line 597,495, 515,577, 515,753
Line 600,498, 519,579, 519,753
Line 603,501, 523,581, 523,753
Line 606,504, 527,583, 527,753
Line 609,507, 531,585, 531,753

Line 608,680, 657,680
Line 723,680, 723,663, 695,618, 641,618
Dashed 657,680, 723,680

PenColor FF0000
Arrow 720,583, 733,570
Arrow 690,574, 690,554
PenColor 008000
Arrow 591,713, 620,713

BrushColor -1
PenColor 0071B9
AngleTextOut 0, Arial, 20, -237, 523, << Пионерская
AngleTextOut 0, Arial, 20, 152, 694, Петроградская >>
AngleTextOut 0, Arial, 25, -39, 607, Черная Речка, 1

PenColor 00AFAF
AngleTextOut 150, Arial, 15, 779, 420, улица Академика Крылова
