Size 470x980
Angle -90
PenColor 000000
BrushColor 6C0D75
Polygon 149,430, 149,416, 707,416, 707,430
Polygon 149,548, 149,562, 707,562, 707,548

Line 707,430, 707,459, 644,459, 644,519, 707,519, 707,548
Line 149,430, 149,461, 105,461
Line 149,548, 149,518, 105,518

Dashed 105,461, 105,518, -112,518, -112,461, 105,461

Line -156,429, -160,425, -119,384, -48,455, -48,523, -119,594, -160,553, -157,550
Line -174,533, -177,536, -190,523, -190,456, -176,442, -173,445
Line -131,373, -159,401, -171,389
Line -119,594, -143,618, -172,589, -153,570
Line -152,585, -140,573
Line -48,523, -106,523, -148,565
Line -148,413, -106,455, -48,455
Line -145,426, -131,440
Line -157,422, -138,441
Line -160,478, -160,500
Line -160,490, -112,490
Line -127,533, -112,518
Dashed -160,478, -121,440
Dashed -160,500, -127,533
Stairs -158,575, -150,583, -155,572
Stairs -138,441, -134,437, -144,435
Stairs -134,437, -129,432, -143,428
Line -159,576, -206,529, -206,448, -159,401
Line -161,578, -209,530, -209,447, -161,399
Line -163,580, -212,531, -212,446, -163,397
Line -165,582, -215,532, -215,445, -165,395
Line -167,584, -218,533, -218,444, -167,393
Line -169,586, -221,534, -221,443, -169,391

PenColor FF0000
Arrow -155,448, -164,439
PenColor 008000
Arrow -164,540, -155,531

BrushColor -1
PenColor 6C0D75
AngleTextOut 0, Arial, 20, 156, 391, << Крестовский остров
AngleTextOut 0, Arial, 20, 579, 562, Спортивная >>
AngleTextOut 0, Arial, 25, 355, 476, Чкаловская, 1

PenColor 00AFAF
AngleTextOut 135, Arial, 15, -138, 716, Чкаловский проспект
AngleTextOut 45, Arial, 15, -248, 376, улица Большая Зеленина
