Size 780x1090
Angle 60

PenColor 000000
BrushColor DC004B
Polygon 939,445, 939,500, -160,500, -160,445

Dashed 939,473, -160,473

Line 932,500, 932,521, 892,521, 892,541, 713,541, 713,572
Line 674,572, 674,542, 510,542, 510,572
Line 472,572, 472,542, 308,542, 308,572
Line 270,572, 270,542, 107,542, 107,572
Line 68,572, 68,542, -118,542, -118,500

Line 932,445, 932,424, 892,424, 892,405, 633,405, 633,349, 674,349
Line 675,311, 509,311
Line 508,350, 555,350, 555,405, 232,405, 232,348, 273,348
Line 273,312, 107,312
Line 107,349, 153,349, 153,405, -118,405, -118,445

Railway 10, 14, 7, -161,645, 937,645
Railway 10, 14, 7, -161,620, 935,620

PenColor FF0000
Arrow 693,546, 693,570
Arrow 488,543, 488,568
Arrow 289,542, 289,569
Arrow 91,540, 91,566
PenColor 009900
Arrow 680,330, 652,330
Arrow 507,330, 533,330
Arrow 275,331, 250,331
Arrow 103,330, 129,330

BrushColor -1
PenColor 000000
AngleTextOut 0, Arial, 20, 857, 474, тупик >>
AngleTextOut 0, Arial, 20, -154, 443, << Гражданский проспект
AngleTextOut 0, Arial, 25, 391, 455, Девяткино, 1
PenColor FFFF00
AngleTextOut 0, Arial, 20, 858, 475, тупик >>
AngleTextOut 0, Arial, 20, -153, 444, << Гражданский проспект
AngleTextOut 0, Arial, 25, 393, 457, Девяткино, 1

