Size 340x952
Angle -90
BrushColor -1
PenColor 000000
AngleTextOut 0, Arial, 24, 9, 488, Электросила
PenColor 0000FF
AngleTextOut 0, Arial, 24, 7, 487, Электросила

PenColor 000000
BrushColor 0071B9
Polygon -289,605, -289,625, 418,625, 418,605
Polygon -289,388, -289,408, 417,408, 417,388

BrushColor -1
PenColor 000000
AngleTextOut 0, Arial, 14, 313, 608, Парк Победы  >>
AngleTextOut 0, Arial, 14, -271, 391, <<  Московские Ворота
PenColor FFFF00
AngleTextOut 0, Arial, 14, 312, 607, Парк Победы  >>
AngleTextOut 0, Arial, 14, -272, 390, <<  Московские Ворота

BrushColor FFFFFF
PenColor 00AFAF
AngleTextOut 0, Arial, 15, 489, 317, Московский пр.

PenColor 000000
BrushColor 808080
Polygon -289,605, -289,573, -20,573, -20,570, -8,570, -8,551, -17,551, -17,460, -8,460, -8,441, -20,441, -20,438, -289,438, -289,408
Polygon 8,570, 23,570, 23,551, 7,551
Polygon 36,570, 52,570, 52,551, 36,551
Polygon 65,570, 81,570, 81,551, 65,551
Polygon 94,570, 110,570, 110,551, 94,551
Polygon 8,460, 23,460, 23,441, 8,441
Polygon 36,460, 52,460, 52,441, 36,441
Polygon 64,460, 81,460, 81,441, 64,441
Polygon 94,460, 110,460, 110,441, 94,441
Polygon 417,408, 417,437, 138,437, 138,440, 121,440, 121,460, 138,461, 138,468, 148,469, 148,460, 417,460
Polygon 418,605, 418,573, 138,573, 138,570, 121,570, 121,551, 138,550, 138,542, 148,542, 148,552, 418,552
Line 209,551, 209,461
Spline 209,548, 268,506, 209,465

BrushColor FFFFFF
Spline 515,544, 535,560, 559,565, 580,564, 602,553, 616,534, 623,513, 621,489, 608,468, 589,454, 569,447, 548,448, 536,453, 515,466
Line 523,509, 540,509, 540,489, 559,489, 559,447
Line 553,446, 549,443, 553,436, 548,430, 564,430, 561,437, 566,441, 564,447
Line 535,453, 532,447, 526,446, 523,441, 510,450
Line 582,452, 584,441, 590,441, 594,436, 610,446
Line 520,545, 520,466
Spline 520,545, 482,509, 520,466
Dashed 520,545, 209,548
Dashed 520,466, 209,465

PenColor 00FF00
Arrow 541,446, 541,425
PenColor FF0000
Arrow 575,425, 575,446
