Size 900x920
Angle -50

PenColor 000000
BrushColor 00873A
Polygon -94,432, -94,418, 464,418, 464,432
Polygon -94,550, -94,564, 464,564, 464,550

Line 534,456, 466,456, 466,447, -96,447, -96,533, 466,533, 466,525, 534,525

Dashed 534,525, 534,456, 737,456, 736,525, 534,525
Spline 695,525, 669,490, 695,456

Line 700,525, 700,571, 910,571
Line 909,527, 848,527, 848,519, 887,519, 887,461, 849,461, 849,453, 909,453, 909,527
Line 909,408, 751,408, 751,456, 737,456

Line 751,456, 797,456
Line 736,525, 790,525
Dashed 790,525, 823,513
Dashed 797,456, 823,513

PenColor FF0000
Arrow 865,551, 882,551
PenColor 008000
Arrow 891,433, 873,433

BrushColor -1
PenColor 00873A
AngleTextOut 0, Arial, 20, -82, 392, << Площадь Александра Невского-I
AngleTextOut 0, Arial, 20, 299, 564, Ломоносовская >>
AngleTextOut 0, Arial, 25, 113, 475, Елизаровская, 1

PenColor 00AFAF
AngleTextOut 0, Arial, 15, 745, 650, улица Бабушкина
AngleTextOut 90, Arial, 15, 984, 485, проспект Елизарова
