Size 257x947
Angle -90
BrushColor -1
PenColor 000000
AngleTextOut 0, Arial, 24, 166, 464, Фрунзенская
PenColor 0000FF
AngleTextOut 0, Arial, 24, 164, 463, Фрунзенская

PenColor 000000
BrushColor 0071B9
Polygon 582,384, 582,365, -94,365, -94,384
Polygon 582,582, 582,563, -94,563, -94,582

BrushColor -1
PenColor 000000
AngleTextOut 0, Arial, 14, -83, 368, <<  Технологический ин-т
AngleTextOut 0, Arial, 14, 438, 567, Московские ворота >>
PenColor FFFF00
AngleTextOut 0, Arial, 14, -84, 367, <<  Технологический ин-т
AngleTextOut 0, Arial, 14, 437, 566, Московские ворота >>

BrushColor FFFFFF
PenColor 00AFAF
AngleTextOut 0, Arial, 15, -299, 361, Московский пр.

PenColor 000000
BrushColor 808080
Polygon 582,384, 582,409, 332,409, 332,428, 341,428, 341,519, 332,519, 332,538, 582,538, 582,563
Polygon 314,409, 293,409, 293,428, 314,428
Polygon 275,409, 254,409, 254,428, 275,428
Polygon 236,409, 215,409, 215,428, 236,428
Polygon 197,409, 176,409, 176,428, 197,428
Polygon 314,519, 293,519, 293,538, 314,538
Polygon 275,519, 254,519, 254,538, 275,538
Polygon 236,519, 215,519, 215,538, 236,538
Polygon 197,519, 176,519, 176,538, 197,538
Polygon -94,563, -94,538, 160,538, 160,519, 152,519, 152,510, 127,510, 127,519, -94,519
Polygon -94,384, -94,409, 160,409, 160,428, 152,428, 152,437, 127,437, 127,428, -94,428
Line 106,428, 106,519
Spline 106,432, 47,473, 106,515

BrushColor FFFFFF
Spline -217,437, -237,423, -261,417, -283,419, -304,430, -318,447, -325,468, -323,493, -310,514, -291,528, -271,535, -250,534, -237,528, -217,516
Line -226,473, -242,473, -242,455, -261,455, -261,417
Line -222,437, -222,516
Line -283,419, -290,402, -302,407
Line -265,415, -269,410, -264,405, -268,398, -251,398, -255,404, -253,409, -255,416
Line -237,423, -230,407, -225,410
Spline -222,437, -184,473, -222,516
Dashed -222,437, 106,432
Dashed -222,516, 106,515

PenColor 00FF00
Arrow -277,394, -277,416
PenColor FF0000
Arrow -244,416, -244,394
