Size 660x1100
Angle -75
BrushColor -1
PenColor 000000
AngleTextOut 0, Arial, 24, 447, 484, Горьковская, 1
PenColor 0000FF
AngleTextOut 0, Arial, 24, 446, 483, Горьковская, 1

PenColor 000000
BrushColor 0071B9
Polygon 865,406, 865,387, 189,387, 189,406
Polygon 865,604, 865,585, 189,585, 189,604

BrushColor -1
PenColor 000000
AngleTextOut 0, Arial, 14, 197, 387, <<  Петроградская
AngleTextOut 0, Arial, 14, 771, 588, Невский пр. >>
PenColor FFFF00
AngleTextOut 0, Arial, 14, 196, 386, <<  Петроградская
AngleTextOut 0, Arial, 14, 770, 587, Невский пр. >>

PenColor 000000
BrushColor 808080
Polygon 865,406, 865,431, 615,431, 615,450, 624,450, 624,541, 615,541, 615,560, 865,560, 865,585
Polygon 597,431, 576,431, 576,450, 597,450
Polygon 558,431, 537,431, 537,450, 558,450
Polygon 519,431, 498,431, 498,450, 519,450
Polygon 480,431, 459,431, 459,450, 480,450
Polygon 597,541, 576,541, 576,560, 597,560
Polygon 558,541, 537,541, 537,560, 558,560
Polygon 519,541, 498,541, 498,560, 519,560
Polygon 480,541, 459,541, 459,560, 480,560
Polygon 189,585, 189,560, 443,560, 443,541, 435,541, 435,532, 410,532, 410,541, 189,541
Polygon 189,406, 189,431, 443,431, 443,450, 435,450, 435,459, 410,459, 410,450, 189,450
Line 389,450, 389,541
Spline 389,454, 330,495, 389,537

BrushColor FFFFFF
Spline 66,459, 46,445, 22,439, 0,441, -21,452, -35,469, -42,490, -40,515, -27,536, -8,550, 12,557, 33,556, 46,550, 66,538
Line 57,495, 41,495, 41,477, 22,477, 22,439
Line 61,459, 61,538
Line 0,441, -7,424, -19,429, -51,373
Line 18,437, 14,432, 19,427, 15,420, 32,420, 28,426, 30,431, 28,438
Line 46,445, 53,429, 58,432, 88,375
Spline 61,459, 99,495, 61,538
Dashed 61,459, 389,454
Dashed 61,538, 389,537
Polygon 23,402, 23,356, 31,356, 31,402
Stairs -27,414, 23,402, -39,374
Stairs 31,402, 66,415, 44,360

PenColor 00FF00
Arrow 6,416, 6,438
PenColor FF0000
Arrow 39,438, 39,416

PenColor 00AFAF
AngleTextOut 75, Arial, 15, 6, 792, Александровский парк
AngleTextOut 65, Arial, 15, -186, 428, Кронверкский проспект
AngleTextOut 0, Arial, 15, 22, 186, Каменноостровский проспект
