Size 760x1070
Angle 60

PenColor 000000
BrushColor DC004B
Polygon 558,590, 558,575, -182,575, -182,590
Polygon -181,461, -181,446, 558,446, 558,461

Line -118,461, -118,475, -100,475, -100,561, -118,561, -118,575
Line 486,461, 486,474, 465,474, 465,484, 506,484, 506,476
Line 486,575, 486,562, 465,562, 465,553, 506,553, 506,558
Dashed 506,558, 707,558, 707,476, 506,476, 506,558

Line 707,517, 773,559
Line 722,573, 722,584, 707,584, 707,595, 717,595, 717,609
Line 750,573, 750,584, 764,584, 764,595, 754,595, 754,609
Dashed 749,543, 749,465
Line 789,533, 803,533, 803,556, 813,556, 813,538, 824,538, 824,546, 836,558, 836,565, 881,565, 888,557, 888,538, 895,538
Line 789,507, 803,507, 803,484, 813,484, 813,500, 824,500, 824,496, 827,491, 845,491, 845,476, 880,476, 888,484, 888,502, 895,502
Spline 698,558, 708,567, 722,573
Spline 750,573, 773,559, 789,533
Spline 789,507, 774,482, 750,465, 719,465, 699,476

PenColor FF0000
Arrow 738,589, 738,602
PenColor 009900
Arrow 895,521, 880,521

BrushColor -1
PenColor DC004B
AngleTextOut 0, Arial, 20, 438, 590, Девяткино >>
AngleTextOut 0, Arial, 20, -176, 426, << Академическая
AngleTextOut 0, Arial, 25, 25, 501, Гражданский проспект, 1

PenColor 00AFAF
AngleTextOut 0, Arial, 15, 694, 646, Гражданский проспект
AngleTextOut -90, Arial, 15, 953, 477, проспект Просвещения
