Size 460x860
Angle 65

PenColor 000000
BrushColor DC004B
Polygon 264,489, 264,503, -186,503, -186,489
Polygon 264,410, 264,396, -186,396, -186,410

Line -186,489, -186,470, -208,470, -208,428, -186,428, -186,410
Line 264,489, 264,472, 301,472
Line 264,410, 264,426, 301,426

Dashed 301,472, 301,426, 433,426, 433,472, 301,472

Line 455,503, 455,518, 505,518, 505,503
Line 533,475, 549,475, 549,424, 533,424
Spline 426,472, 436,489, 455,503
Spline 505,503, 523,491, 533,475
Spline 533,424, 522,408, 505,396
Spline 427,426, 437,409, 454,397
Line 505,396, 505,381, 517,381, 517,367, 525,367, 525,381, 551,381, 551,328, 548,328, 548,310
Line 589,309, 589,278, 339,278, 339,309
Line 519,310, 519,318, 527,318, 527,328, 526,328, 526,337, 506,337
Spline 506,337, 496,325, 479,319, 464,325, 454,337
Line 454,337, 435,337, 435,322, 414,322, 414,314, 403,314, 403,310
Line 380,310, 380,319, 393,319, 393,322, 375,322, 375,381, 435,381, 435,367, 442,367, 442,381, 454,381, 454,397
Dashed 548,328, 527,328
Dashed 442,367, 454,337


PenColor FF0000
Arrow 537,346, 537,336
PenColor 008000
Arrow 398,310, 398,320

BrushColor -1
PenColor DC004B
AngleTextOut 0, Arial, 20, 156, 501, Нарвская >>
AngleTextOut 0, Arial, 20, -183, 372, << Автово
AngleTextOut 0, Arial, 25, -37, 434, Кировский Завод, 1

PenColor 00AFAF
AngleTextOut 0, Arial, 15, 420, 226, проспект Стачек
AngleTextOut -90, Arial, 15, 646, 338, улица Васи Алексеева
