Size 980x1300
Angle -60

PenColor 000000
BrushColor 6C0D75
Polygon 311,769, 311,783, -247,783, -247,769
Polygon -247,651, -247,637, -144,637, -144,651
Polygon -102,651, -102,637, 311,637, 311,651

Line -247,769, -247,750, -185,750, -185,670, -247,670, -247,651
Line 311,769, 311,757, 284,757, 284,747, 326,747
Line 311,651, 311,661, 284,661, 284,672, 326,672
Line -144,651, -144,670, -82,670
Line -144,750, -82,750
Line -102,670, -102,651
PenColor C0C0C0
Line -102,637, -102,530
Line -144,637, -144,530

PenColor 000000
BrushColor -1
AngleTextOut 90, Arial, 9, -141, 741, Мозаичное панно
BrushColor C0C0C0
Polygon -141,750, -144,750, -144,670, -141,670

Dashed 326,747, 326,672, 556,672, 556,747, 326,747

Line 592,870, 686,870, 686,805, 676,805, 676,772, 662,772, 662,751, 612,751, 612,761, 494,761, 494,657, 612,657, 612,668, 686,668, 686,549, 593,549
Line 592,507, 592,492, 833,492, 833,497, 686,497, 686,507, 592,507
Line 592,479, 846,479, 846,506, 752,506
Line 846,549, 751,549, 751,692, 869,692
Line 869,729, 751,729, 751,870, 846,870
Line 751,913, 846,913, 846,940, 592,940
Line 592,912, 686,912, 686,922, 833,922, 833,926, 592,926, 592,912
Line 686,719, 631,719, 631,700, 686,700, 686,719
Line 703,752, 697,758, 686,758, 686,793
Line 713,741, 719,735, 719,725
Line 719,715, 719,705
Line 719,696, 719,684, 713,678
Line 703,668, 696,661, 686,661
Line 584,760, 584,741
Dashed 584,741, 584,657
Line 686,758, 686,751, 673,751

Stairs 600,912, 600,870, 634,912
Stairs 651,912, 651,870, 684,912
Stairs 837,870, 837,913, 804,870
Stairs 787,870, 787,913, 754,870
Stairs 600,549, 600,507, 633,549
Stairs 650,549, 650,507, 683,549
Stairs 836,549, 836,506, 803,549
Stairs 787,549, 787,506, 754,549
Stairs 682,751, 682,719, 673,751
Stairs 683,700, 683,668, 674,700
Stairs 660,751, 660,719, 648,751
Stairs 660,700, 660,668, 647,700
Stairs -82,750, -82,670, -101,750

PenColor FF0000
Arrow 702,700, 716,700
Arrow 697,685, 707,675
PenColor 008000
Arrow 702,799, 689,799
Arrow 720,758, 711,749
Arrow 734,721, 721,721

BrushColor -1
PenColor 6C0D75
AngleTextOut 0, Arial, 20, -242, 613, << тупик
AngleTextOut 0, Arial, 20, 143, 781, Старая деревня >>
AngleTextOut 0, Arial, 25, -20, 692, Комендантский пр., 1

PenColor 00AFAF
AngleTextOut 0, Arial, 15, 1007, 722, Комендантский проспект
AngleTextOut 45, Arial, 15, 644, 1202, Ул.Ильюшина
AngleTextOut 135, Arial, 15, 818, 337, Ул.Уточкина
AngleTextOut 135, Arial, 15, 946, 1145, Ул.Гаккелевская
AngleTextOut 0, Arial, 12, 754, 696, переход в
AngleTextOut 0, Arial, 12, 754, 709, 'ТРК "Атмосфера"'

PenColor FF0000
AngleTextOut 90, Arial, 10, -131, 626, Выход проектируется
