Size 710x1120
Angle -70

PenColor 000000
BrushColor 6C0D75
Polygon 374,423, 374,409, 932,409, 932,423
Polygon 374,541, 374,555, 932,555, 932,541

Line 932,423, 932,443, 876,443, 876,521, 932,521, 932,541
Line 374,423, 374,442, 399,442, 399,453, 335,453
Line 374,541, 374,523, 401,523, 401,511, 335,511

Dashed 335,453, 335,511, 18,511, 18,453, 335,453

Line 233,465, 163,465, 151,453, 196,408
Line 233,500, 163,500, 103,560, 103,587, 76,587, 16,647, 16,674, -17,674, -17,647, -77,587, -105,587, -105,559, -166,498, -194,498, -194,465, -166,465, -104,403, -104,376, -77,376, -17,316, -17,246
Line 16,246, 16,316, 28,328, 71,285


Line 22,402, 22,394, 86,394, 86,419, 41,419, 21,444, 21,448, 86,448, 86,517, 21,517, 21,522, 41,547, 86,547, 86,569, 22,569, 22,562
Line -26,402, -26,394, -88,394, -88,458, -81,458
Line -81,509, -89,509, -89,569, -26,569, -26,562

Line -22,444, -40,444, -40,522, -21,522
Line -40,482, 18,482
Dashed -21,522, 21,522
Dashed -22,444, 21,444


PenColor FF0000
Arrow 0,388, 0,374
PenColor 008000
Arrow -6,590, -6,575

BrushColor -1
PenColor 6C0D75
AngleTextOut 0, Arial, 20, 383, 385, << Старая деревня
AngleTextOut 0, Arial, 20, 798, 557, Чкаловская >>
AngleTextOut 0, Arial, 25, 580, 469, Крестовский остров, 1

PenColor 00AFAF
AngleTextOut 60, Arial, 15, 776, 873, Морской проспект
AngleTextOut 0, Arial, 15, -50, 761, улица Рюхина
