Size 440x600
Angle -80

PenColor 000000
BrushColor 0071B9
Polygon -49,332, -49,282, 505,282, 505,332
Dashed -51,307, 505,307

Line 505,282, 505,256, 337,256, 337,225, 379,225, 379,216, 404,216
Line 404,197, 379,197, 379,190, 75,190, 75,197, 51,197
Line 51,216, 75,216, 75,225, 119,225, 119,256, -49,256, -49,282
Line 167,225, 289,225, 289,260, 167,260, 167,225
Line 505,332, 505,352, 472,352, 472,408
Line 472,425, 472,447, 456,447, 456,425
Line 456,408, 456,352, 431,352, 431,361, 372,361
Line 431,372, 431,378, 415,378
Line 399,377, 233,377
Line 314,361, 139,361
Line 222,377, 52,377
Line 39,377, 26,377, 26,372
Line 85,361, 26,361, 26,352, 1,352, 1,408
Line 1,425, 1,447, -14,447, -14,425
Line -14,407, -14,352, -49,352, -49,332
Stairs -14,355, 1,355, -14,374
Stairs 29,377, 29,361, 34,377
Stairs 59,377, 59,361, 80,377
Stairs 147,377, 147,361, 168,377
Stairs 309,377, 309,361, 288,377
Stairs 395,377, 395,361, 377,377
Stairs 426,378, 426,361, 420,378
Stairs 400,197, 400,216, 387,197
Stairs 54,197, 54,216, 67,197
Stairs 456,356, 472,356, 456,379

Dashed 119,229, 167,229
Dashed 289,229, 337,229

Railway 10, 14, 7, -47,161, 505,161
Railway 10, 14, 7, -48,134, 505,134

PenColor FF0000
Arrow 460,416, 444,416
Arrow 413,368, 430,368
Arrow 411,373, 411,389
Arrow 45,373, 45,389
Arrow 44,367, 26,367
Arrow -4,416, 12,416
Arrow 228,372, 228,390
PenColor 008000
Arrow 394,206, 377,206
Arrow 60,207, 76,207

BrushColor -1
PenColor 000000
AngleTextOut 0, Arial, 20, -45, 282, << Звездная
AngleTextOut 0, Arial, 20, 427, 308, тупик >>
AngleTextOut 0, Arial, 25, 167, 291, Купчино, 1

PenColor FFFF00
AngleTextOut 0, Arial, 20, -44, 283, << Звездная
AngleTextOut 0, Arial, 20, 428, 309, тупик >>
AngleTextOut 0, Arial, 25, 169, 293, Купчино, 1

PenColor 00AFAF
AngleTextOut 0, Arial, 15, 198, 496, Витебский проспект
