Size 1080x1050
Angle -40

PenColor 000000
BrushColor EA7B16
Polygon 482,524, 482,510, 1040,510, 1040,524
Polygon 482,642, 482,656, 1040,656, 1040,642

Line 1040,524, 1040,547, 1013,547, 1013,621, 1040,621, 1040,642

Line 482,524, 482,546, 435,546
Line 482,642, 482,623, 435,623

Dashed 435,546, 435,623, 200,623, 200,546, 435,546

Line 93,509, 87,509, 87,491, 103,491, 103,474, 256,474, 256,491, 273,491, 273,677, 256,677, 256,694, 103,694, 103,677, 87,677, 87,661, 92,661
Line 93,618, 88,618, 88,552, 93,552

Line 211,546, 198,533
Line 165,533, 153,541
Line 138,562, 135,574, 135,595, 138,607
Line 153,628, 165,636
Line 198,636, 211,623
Line 135,585, 200,585
Dashed 198,533, 165,533
Dashed 153,541, 138,562
Dashed 138,607, 153,628
Dashed 165,636, 198,636

Railway 10, 14, 7, 1076,352, 1076,739
Railway 10, 14, 7, 1106,379, 1106,713

PenColor FF0000
Arrow 84,637, 71,637
PenColor 008000
Arrow 71,530, 84,530

BrushColor -1
PenColor EA7B16
AngleTextOut 0, Arial, 20, 488, 486, << Новочеркасская
AngleTextOut 0, Arial, 20, 861, 655, пр.Большевиков >>
AngleTextOut 0, Arial, 25, 713, 569, Ладожская, 1

PenColor 00AFAF
AngleTextOut 70, Arial, 15, -150, 511, Заневский проспект
