Size 610x1250
Angle -90
PenColor 000000
BrushColor DC004B
Polygon 69,586, 69,572, 627,572, 627,586
Polygon 69,665, 69,679, 627,679, 627,665

BrushColor C0C0C0
Polygon 798,602, 798,655, 783,655, 783,602
Polygon -105,656, -105,601, -90,601, -90,656

Line 625,586, 625,607, 685,607, 685,592, 717,592, 717,581, 797,581, 797,443, 724,443
Line 724,419, 908,419
Line 908,443, 835,443, 835,581, 877,581, 877,676, 836,676, 836,814, 907,814
Line 907,837, 726,837
Line 726,814, 797,814, 797,677, 684,677, 684,649, 625,649, 625,665
Line 783,650, 757,650
Dashed 710,607, 757,650, 757,677
Line 710,607, 685,607
Stairs 724,419, 724,443, 754,419
Stairs 797,443, 797,419, 766,443
Stairs 908,443, 908,419, 880,443
Stairs 835,443, 835,419, 868,443
Stairs 726,837, 726,814, 751,837
Stairs 797,814, 797,837, 767,814
Stairs 907,837, 907,814, 878,837
Stairs 836,814, 836,837, 866,814
Stairs 625,649, 625,607, 646,649
Stairs 675,607, 675,649, 652,607

Line 69,586, 69,607, 8,607, 8,580, -105,580, -105,340
Line -142,340, -142,414, -275,414, -275,340
Line -275,913, -275,842, -143,842, -143,913
Line -105,913, -105,676, -27,676, -27,664, 8,664, 8,649, 69,649, 69,665
Line -299,340, -299,441, -135,441, -135,580, -185,580, -185,676, -136,676, -136,812, -299,812, -299,913
Line -90,605, -64,605
Line -18,649, 8,649
Dashed -76,580, -76,605
Dashed -18,649, -64,605
Stairs -299,913, -275,913, -299,883
Stairs -299,842, -275,842, -299,871
Stairs -143,913, -105,913, -143,883
Stairs -143,842, -105,842, -143,871
Stairs -275,340, -299,340, -275,372
Stairs -275,414, -299,414, -275,382
Stairs -142,340, -105,340, -142,372
Stairs -142,414, -105,414, -142,382

PenColor FF0000
Arrow 770,666, 784,666
Arrow -79,590, -91,590
PenColor 008000
Arrow 785,590, 770,590
Arrow -93,665, -80,665

BrushColor -1
PenColor DC004B
AngleTextOut 0, Arial, 20, 76, 552, << Автово
AngleTextOut 0, Arial, 20, 432, 678, Проспект Ветеранов >>
AngleTextOut 0, Arial, 25, 245, 614, Ленинский проспект, 1

PenColor 00AFAF
AngleTextOut 0, Arial, 15, 205, 762, бульвар Новаторов
AngleTextOut 90, Arial, 15, 278, 483, Ленинский проспект
