Size 570x790
Angle -80

PenColor 000000
BrushColor DC004B
Polygon -97,385, -97,371, 380,371, 380,385
Polygon -97,464, -97,478, 380,478, 380,464

Line -66,385, -66,408, -72,408, -72,441, -66,441, -66,464
Line 365,385, 365,399, 404,399
Line 365,464, 365,450, 404,450

Dashed 404,450, 404,399, 564,399, 564,450, 404,450
Spline 564,399, 539,412, 532,424, 539,437, 564,450

Line 560,499, 570,489, 505,424, 570,359, 563,352
Line 580,334, 667,421, 575,513

Line 564,422, 616,370
Line 564,450, 576,462, 594,444
Line 615,423, 615,413
Dashed 615,413, 594,392
Dashed 594,444, 615,423

PenColor FF0000
Arrow 579,350, 571,342
PenColor 008000
Arrow 571,502, 579,494

BrushColor -1
PenColor DC004B
AngleTextOut 0, Arial, 20, -95, 347, << Площадь Мужества
AngleTextOut 0, Arial, 20, 251, 478, Выборгская >>
AngleTextOut 0, Arial, 25, 108, 410, Лесная, 1

PenColor 00AFAF
AngleTextOut 0, Arial, 15, 418, 156, Парголовская улица
AngleTextOut 0, Arial, 15, 412, 681, Лесной проспект
AngleTextOut 90, Arial, 15, 412, 493, Кантемировская улица
