Size 1050x640
Angle -10
BrushColor EA7B16
Polygon 378,67, 378,52, 981,52, 981,67
Polygon 378,165, 981,165, 981,179, 378,179
Line 981,67, 981,82, 941,82, 941,86, 938,86, 938,147, 941,147, 941,151, 981,151, 981,165
Line 378,67, 378,73
Line 378,165, 378,158
BrushColor FFFFFF
Polygon 301,347, 307,330, 315,333, 309,350
Polygon 250,554, 256,544, 270,552, 264,562
Line 327,357, 335,333, 329,331, 345,285, 348,158, 410,158
Line 412,73, 342,73, 342,69, 295,69, 295,72, 284,72, 284,181, 289,181, 290,272, 275,312, 277,313, 272,328, 270,327, 267,335
Line 119,519, 160,543, 118,616, 212,671, 325,475, 205,406, 179,451, 164,442, 152,462, 158,466, 153,475, 147,471, 119,519
Dashed 141,471, 120,507
Dashed 151,550, 127,592
Stairs 386,73, 386,158, 410,73
Stairs 351,73, 351,158, 378,73
BrushColor 7F7F7F
Polygon 196,578, 202,567, 210,572, 204,583
Stairs 160,543, 202,567, 155,551
Stairs 210,572, 272,567, 204,583
Stairs 153,475, 155,551, 158,466
PenColor 7F7F7F
Line 234,547, 240,537, 2
Line 226,543, 232,533, 2
Line 218,539, 224,529, 2
Line 210,535, 216,525, 2
Line 203,532, 209,522, 2
Line 242,551, 248,541, 2
Line 228,494, 209,522, 160,543
Polygon 211,488, 267,335, 275,338, 218,491
Polygon 228,494, 283,341, 291,344, 236,497
Polygon 246,501, 301,347, 309,350, 254,504
Polygon 264,508, 319,354, 327,357, 271,510
Stairs 211,488, 271,510, 267,335
PenColor 000000
Dashed 211,488, 267,335
Dashed 327,357, 271,510
Line 211,488, 271,510
Line 267,335, 327,357
Spline 281,482, 262,441, 221,460
Spline 267,335, 290,371, 327,357
PenColor FF0000
Arrow 126,489, 112,481, 2
PenColor 009900
Arrow 119,556, 132,564, 2

BrushColor -1
PenColor A85F2A
AngleTextOut 0, Arial, 36, 537, 99, Лиговский Проспект, 1
PenColor EA7B16
AngleTextOut 0, Arial, 18, 376, 31, << Достоевская, 1
AngleTextOut 0, Arial, 18, 702, 181, Площадь Александра Невского >>, 1
AngleTextOut 0, Arial, 36, 536, 97, Лиговский Проспект, 1
PenColor 00AFAF
AngleTextOut 0, Arial, 16, 75, 368, Транспортный переулок
AngleTextOut 90, Arial, 18, 57, 597, Лиговский  проспект
