Size 740x920
Angle -60
PenColor 000000
BrushColor 00873A
Polygon -128,446, -128,432, 430,432, 430,446
Polygon -128,564, -128,578, 430,578, 430,564

Line 501,472, 434,472, 434,458, -125,458, -125,475, -133,483, -133,529, -125,537, -125,554, 434,554, 434,541, 501,541

Dashed 678,472, 501,472, 501,541, 678,541, 678,472

Spline 668,471, 687,451, 713,440
Line 713,440, 713,410, 656,410, 656,353, 703,353, 703,345
Line 748,344, 748,353, 797,353, 797,410, 739,410, 739,441
Spline 739,441, 764,452, 780,469, 791,492
Line 791,492, 821,492, 821,488, 850,488
Line 850,523, 822,523, 822,519, 791,519
Spline 791,519, 777,548, 753,567, 725,573, 702,569, 683,558, 668,541

Line 790,488, 678,507
Dashed 704,442, 757,494

PenColor FF0000
Arrow 821,505, 838,505
PenColor 008000
Arrow 726,414, 726,433

BrushColor -1
PenColor 00873A
AngleTextOut 0, Arial, 20, -123, 404, << Елизаровская
AngleTextOut 0, Arial, 20, 279, 578, Пролетарская >>
AngleTextOut 0, Arial, 25, 79, 489, Ломоносовская, 1

PenColor 00AFAF
AngleTextOut 0, Arial, 15, 648, 278, улица Бабушкина
