Size 730x2000
Angle -85
PenColor 000000
BrushColor 0071B9
Polygon 2,1170, 2,1156, 560,1156, 560,1170
Polygon 2,1288, 2,1302, 560,1302, 560,1288

Line -67,1202, 2,1202, 2,1178, 560,1178, 560,1204, 632,1204
Line -67,1256, 2,1256, 2,1280, 560,1280, 560,1253, 632,1253

Dashed 632,1253, 800,1253, 800,1204, 632,1204, 632,1253
Spline 780,1253, 753,1228, 780,1204

Line 1334,1023, 1239,998, 1234,1017, 1218,1043, 1016,1245, 989,1255, 928,1255, 928,1267, 751,1267, 751,1186, 928,1186, 928,1198, 983,1198, 989,1196, 1176,1009, 1185,996, 1188,985, 1094,960
Line 1099,941, 1195,966, 1251,759, 1184,741
Line 1190,722, 1370,770
Line 1364,790, 1302,773, 1246,980, 1337,1004
Stairs 1099,961, 1104,942, 1120,967
Stairs 1137,951, 1132,970, 1155,956
Stairs 1329,1021, 1334,1003, 1309,1016
Stairs 1297,1013, 1302,995, 1278,1008
Stairs 1362,768, 1357,787, 1342,763
Stairs 1331,760, 1326,779, 1313,755
Stairs 1196,724, 1191,743, 1217,729
Stairs 1228,732, 1223,751, 1247,737
Stairs 973,1198, 973,1255, 958,1198

Line 800,1231, 838,1231
Dashed 838,1231, 838,1186


Dashed -67,1202, -67,1256, -260,1256, -260,1202, -67,1202
Spline -246,1202, -215,1229, -246,1256

Line -423,1002, -506,954, -509,960, -510,966, -447,1196, -441,1201, -392,1201, -392,1190, -215,1190, -215,1268, -392,1268, -392,1257, -449,1257, -478,1243, -496,1217, -560,984, -563,961, -558,939, -552,928, -610,894
Line -599,875, -541,908, -468,781, -527,747
Line -517,729, -352,824
Line -363,842, -422,808, -497,937, -412,986
Stairs -435,1201, -435,1257, -420,1201
Stairs -429,998, -420,982, -444,989
Stairs -455,984, -445,967, -471,974
Stairs -358,821, -368,839, -376,811
Stairs -387,804, -397,822, -403,795
Stairs -512,732, -522,749, -495,742
Stairs -482,749, -492,767, -467,758
Stairs -594,878, -605,897, -578,887
Stairs -567,894, -578,913, -552,902

Line -260,1229, -296,1229
Dashed -296,1229, -296,1268

PenColor FF0000
Arrow 938,1241, 951,1241
Arrow -399,1211, -413,1211
PenColor 008000
Arrow 952,1210, 938,1210
Arrow -415,1244, -400,1244

BrushColor -1
PenColor 0071B9
AngleTextOut 0, Arial, 20, 9, 1132, << Парк Победы
AngleTextOut 0, Arial, 20, 443, 1302, Звездная >>
AngleTextOut 0, Arial, 25, 208, 1216, Московская, 1

PenColor 00AFAF
AngleTextOut -5, Arial, 15, 193, 888, Московский проспект
