Size 430x962
Angle -90
BrushColor -1
PenColor 000000
AngleTextOut 0, Arial, 24, 48, 380, Московские Ворота
PenColor 0000FF
AngleTextOut 0, Arial, 24, 46, 379, Московские Ворота

PenColor 000000
BrushColor 0071B9
Polygon -250,497, -250,517, 457,517, 457,497
Polygon -250,280, -250,300, 456,300, 456,280

BrushColor -1
PenColor 000000
AngleTextOut 0, Arial, 14, 354, 500, Электросила  >>
AngleTextOut 0, Arial, 14, -232, 283, <<  Фрунзенская
PenColor FFFF00
AngleTextOut 0, Arial, 14, 353, 499, Электросила  >>
AngleTextOut 0, Arial, 14, -233, 282, <<  Фрунзенская

BrushColor FFFFFF
PenColor 00AFAF
AngleTextOut 0, Arial, 15, 576, 282, Московский пр.
AngleTextOut 120, Arial, 15, 326, 686, Ташкентская улица

PenColor 000000
BrushColor 808080
Polygon -250,497, -250,465, 19,465, 19,462, 31,462, 31,443, 22,443, 22,352, 31,352, 31,333, 19,333, 19,330, -250,330, -250,300
Polygon 47,462, 62,462, 62,443, 46,443
Polygon 75,462, 91,462, 91,443, 75,443
Polygon 104,462, 120,462, 120,443, 104,443
Polygon 133,462, 149,462, 149,443, 133,443
Polygon 47,352, 62,352, 62,333, 47,333
Polygon 75,352, 91,352, 91,333, 75,333
Polygon 103,352, 120,352, 120,333, 103,333
Polygon 133,352, 149,352, 149,333, 133,333
Polygon 456,300, 456,329, 177,329, 177,332, 160,332, 160,352, 177,353, 177,360, 187,361, 187,352, 456,352
Polygon 457,497, 457,465, 177,465, 177,462, 160,462, 160,443, 177,442, 177,434, 187,434, 187,444, 457,444
Polygon 25,393, 35,393, 35,403, 25,403
Line 248,443, 248,353
Spline 248,440, 307,398, 248,357

BrushColor FFFFFF
Spline 564,438, 584,454, 608,459, 629,458, 651,447, 665,428, 672,407, 670,383, 657,362, 638,348, 618,341, 597,342, 585,347, 564,360
Line 572,403, 589,403, 589,383, 608,383, 608,341
Line 600,341, 598,338, 601,332, 599,327, 601,321, 607,321, 608,326, 612,334, 610,340, 612,340, 612,340, 612,340
Line 583,348, 581,342, 575,342, 571,335, 564,339, 559,327, 565,321, 646,321, 639,334, 633,336, 631,345
Line 569,439, 569,360
Spline 569,439, 531,403, 569,360
Dashed 569,439, 248,440
Dashed 569,360, 248,357

PenColor 00FF00
Arrow 590,340, 590,319
PenColor FF0000
Arrow 624,319, 624,340
