Size 600x1360

BrushColor DC004B
Polygon 430,529, 450,529, 450,1339, 430,1339
Polygon 208,529, 228,529, 228,1339, 208,1339
BrushColor 7F7F7F
Line 430,1339, 392,1339, 392,1168, 370,1168, 370,1176, 288,1176, 288,1168, 266,1168, 266,1339, 228,1339
Line 430,529, 392,529, 392,698, 370,698, 370,687, 362,687, 362,653, 371,653, 371,621
Line 228,529, 266,529, 266,698, 288,698, 288,687, 296,687, 296,653, 288,653, 288,621
Polygon 266,1149, 266,1127, 288,1127, 288,1149
Polygon 266,1109, 266,1087, 288,1087, 288,1109
Polygon 266,1068, 266,1046, 288,1046, 288,1068
Polygon 266,1026, 266,1004, 288,1004, 288,1026
Polygon 266,986, 266,964, 288,964, 288,986
Polygon 266,946, 266,924, 288,924, 288,946
Polygon 266,905, 266,883, 288,883, 288,905
Polygon 266,864, 266,842, 288,842, 288,864
Polygon 266,824, 266,802, 288,802, 288,824
Polygon 266,784, 266,762, 288,762, 288,784
Polygon 266,743, 266,721, 288,721, 288,743
Polygon 370,1149, 370,1127, 392,1127, 392,1149
Polygon 370,1109, 370,1087, 392,1087, 392,1109
Polygon 370,1068, 370,1046, 392,1046, 392,1068
Polygon 370,1026, 370,1004, 392,1004, 392,1026
Polygon 370,986, 370,964, 392,964, 392,986
Polygon 370,946, 370,924, 392,924, 392,946
Polygon 370,905, 370,883, 392,883, 392,905
Polygon 370,864, 370,842, 392,842, 392,864
Polygon 370,824, 370,802, 392,802, 392,824
Polygon 370,784, 370,762, 392,762, 392,784
Polygon 370,743, 370,721, 392,721, 392,743

PenColor 7F7F7F
Polygon 371,623, 371,242, 364,242, 364,623
Polygon 351,623, 350,242, 337,242, 337,623
Polygon 320,623, 321,242, 306,242, 306,623
Polygon 292,623, 291,242, 288,242, 288,623
Stairs 288,242, 371,242, 288,624
PenColor 000000
Dashed 371,623, 371,253
Dashed 288,623, 288,254
Spline 288,254, 328,282, 371,253
Spline 288,623, 328,591, 371,623

Line 417,195, 454,206
Line 236,195, 199,205, 201,210, 207,208
Line 410,26, 393,56, 409,67, 385,97
Line 243,26, 261,56, 246,66, 269,96
Line 389,287, 395,299
Line 399,307, 405,318
Line 166,213, 161,216, 167,226, 163,230, 156,221, 153,224, 149,218
Line 133,230, 136,236, 124,238, 114,246, 107,239
Line 131,268, 126,262, 135,254, 175,301, 167,309, 162,303
Line 184,330, 180,324, 188,317, 228,364, 220,370, 215,364
Line 239,394, 233,387, 242,379, 247,367, 248,366, 252,371
Line 266,357, 263,351, 263,340, 268,333, 271,318
Line 518,311, 498,286
Line 432,376, 411,348, 315,425, 336,451
Line 92,143, 75,120
Line 250,368, 254,364
Line 260,359, 265,355
Stairs 415,354, 501,289, 428,371
Stairs 323,435, 263,483, 333,448
Stairs 26,178, 276,472, 13,190
Stairs 90,139, 36,189, 79,126

Spline 446,204, 453,168, 445,128, 428,96, 405,72
Spline 441,202, 447,168, 440,130, 421,96, 401,77
Spline 436,200, 441,169, 435,132, 418,102, 397,82
Spline 431,198, 436,168, 429,133, 412,104, 393,86
Spline 426,196, 430,169, 425,138, 409,109, 390,90
Spline 421,194, 425,169, 420,138, 405,111, 387,94

Spline 249,71, 225,97, 208,128, 201,168, 205,202
Spline 253,76, 234,95, 214,129, 208,169, 211,201
Spline 257,81, 238,99, 219,131, 213,165, 216,199
Spline 260,85, 240,105, 225,131, 218,170, 222,198
Spline 263,89, 245,107, 230,134, 223,173, 227,197
Spline 266,93, 248,113, 235,136, 228,169, 231,195
Polygon 417,145, 453,135, 447,118, 413,133
Polygon 200,134, 206,117, 241,132, 236,145
Spline 269,96, 326,76, 385,97
Spline 417,195, 401,228, 370,254
Spline 454,206, 429,254, 389,287
Spline 237,195, 253,229, 287,256
Spline 206,209, 220,271, 271,319
Spline 394,299, 392,305, 399,306
Spline 410,26, 456,63, 486,118, 493,196, 467,261, 439,294
Spline 243,26, 189,73, 165,129, 159,167, 165,213
Line 452,279, 446,274
Line 443,271, 438,267
Line 434,263, 426,257
Line 405,317, 416,310
Line 423,307, 433,298
Line 235,386, 231,381
Line 227,377, 222,370
Line 181,323, 178,318
Line 173,312, 170,308
Line 128,260, 125,255
Line 119,250, 115,245
Line 134,233, 139,229
Line 145,224, 150,220
Ellipse 403,132, 413,142
Ellipse 406,142, 416,152
Ellipse 406,191, 416,201
Ellipse 404,201, 414,211
Ellipse 378,235, 388,245
Ellipse 369,241, 379,251
Ellipse 268,236, 278,246
Ellipse 276,242, 286,252
Ellipse 240,200, 250,210
Ellipse 238,190, 248,200
Ellipse 240,132, 250,142
Ellipse 237,142, 247,152
Ellipse 267,97, 277,107
Ellipse 276,91, 286,101
Ellipse 368,91, 378,101
Ellipse 376,96, 386,106
BrushColor FFFFFF
Polygon 308,624, 319,624, 319,642, 308,642
Polygon 254,178, 268,183, 260,204, 246,199
Polygon 271,126, 285,131, 293,109, 280,104
PenColor 7F7F7F
Line 338,242, 294,109
Line 279,130, 286,133, 2
Line 277,135, 284,138, 2
Line 275,140, 282,143, 2
Line 273,145, 280,148, 2
Line 271,150, 278,153, 2
Line 270,155, 277,158, 2
Line 268,159, 275,162, 2
Line 266,164, 273,167, 2
Line 263,171, 270,174, 2
Line 261,176, 268,179, 2
PenColor FF0000
Arrow 417,288, 437,312
PenColor 009900
Arrow 226,387, 243,359
Arrow 116,255, 141,242
BrushColor -1
PenColor 650022
AngleTextOut 90, Arial, 32, 308, 971, Нарвская, 1
PenColor DC004B
AngleTextOut 90, Arial, 20, 184, 1339, << Кировский завод
AngleTextOut 90, Arial, 20, 455, 654, Балтийская >>
AngleTextOut 90, Arial, 32, 307, 972, Нарвская, 1
PenColor 00AFAF
AngleTextOut 40, Arial, 18, 10, 124, Старо-Петергофский
AngleTextOut 40, Arial, 18, 53, 110, проспект
AngleTextOut -50, Arial, 20, 44, 381, Площадь Стачек
AngleTextOut -50, Arial, 18, 499, 413, ДК им. М. Горького
