Size 1930x2070
Angle -15
PenColor 000000
BrushColor 00873A
Polygon 521,754, 521,771, 1179,771, 1179,754
Polygon 1179,911, 1179,928, 521,928, 521,911

Line 1316,794, 1242,794, 1242,781, 214,781, 214,800, 61,800
Spline 61,800, 33,789, 14,764, 9,732
Line 9,732, 9,686
Line 1316,890, 1242,890, 1242,902, 214,902, 214,879, 56,879, 11,871, -28,847, -55,811, -70,772, -75,733
Line -75,733, -75,686

Dashed -75,686, 9,686, 9,373, -75,373, -75,686

Line -11,570, -28,567, -27,556
Spline -27,556, 2,544, 34,520, 61,485, 75,443
Line 75,443, 75,260, 70,260, 63,274
Spline 63,274, 32,257, -5,252, -41,254
Line -41,254, -38,270
Spline -38,270, -68,279, -93,298, -110,320, -118,343
Line -118,343, -135,343, -155,498
Line -104,504, -101,477, -111,476, -102,409, -86,409
Spline -86,409, -83,439, -68,467, -40,483, -5,471, 15,436, 18,410
Line 18,410, 29,410
Spline 29,410, 25,441, 2,480, -38,501, -104,504
Line -118,343, -51,343, -33,373
Line 9,373, 9,343
Dashed -51,343, 9,343
Stairs -154,490, -104,496, -152,476
Line -32,499, -17,553
Line -26,497, -7,549
Line -20,495, 1,545
Line -14,492, 11,538
Line -8,488, 24,529
Line 6,476, 42,511
Line 17,460, 59,488

Dashed 1316,890, 1316,794, 1577,794, 1577,890, 1316,890
Line 1749,634, 1749,717, 1715,751, 1444,751, 1444,936, 1478,936, 1478,954
Line 1500,954, 1500,936, 1723,936, 1829,830, 1829,634
Line 1799,635, 1799,706, 1782,706, 1782,635, 1799,635

Line 1577,890, 1627,890
Line 1578,841, 1627,810
Dashed 1627,810, 1627,890

BrushColor 0071B9
Polygon 335,1010, 352,1010, 352,1685, 335,1685
Polygon 522,1010, 539,1010, 539,1305, 522,1305
Polygon 539,1685, 522,1685, 522,1361, 539,1361

Line 522,1010, 501,1010, 501,1147, 486,1147, 486,904
Line 352,1010, 372,1010, 372,1147, 387,1147, 387,904
Stairs 387,1038, 486,1038, 387,1060
Dashed 387,904, 387,876
Dashed 486,875, 486,904
Line 529,875, 486,875, 486,817, 529,817
Line 345,876, 387,876, 387,817, 345,817
Dashed 387,817, 486,817

Stairs 901,821, 901,858, 939,821
Stairs 790,821, 790,859, 752,821
Dashed 790,821, 901,821
Line 752,821, 790,821
Line 939,821, 901,821
Line 939,858, 901,858
Line 752,859, 790,859
Dashed 790,859, 790,929
Dashed 901,858, 902,928
Dashed 828,859, 862,859, 862,901, 844,928, 828,902, 828,859
Line 902,928, 863,981, 863,1146
Line 790,929, 826,981, 826,1147
Spline 863,1146, 859,1191, 846,1225, 824,1248, 797,1264
Spline 826,1147, 823,1181, 812,1208, 800,1219, 784,1227
Line 784,1227, 539,1312, 539,1305, 439,1305
Line 797,1264, 539,1353, 539,1361, 439,1361
Stairs 439,1305, 439,1361, 488,1305

Line 352,1685, 371,1685, 371,1544, 388,1544, 388,1814, 565,1814, 724,1855, 754,1742
Line 522,1685, 502,1685, 502,1544, 487,1544, 487,1729, 572,1729, 661,1752, 670,1719
Stairs 388,1729, 487,1729, 388,1692
Stairs 511,1729, 511,1814, 565,1729

Dashed 694,1628, 670,1719, 754,1742, 777,1650
Dashed 735,1634, 748,1587, 899,1628, 792,2036, 972,2083
Arrow 972,2083, 978,2062
Dashed 947,2010, 959,1965, 1046,1988, 1034,2032

Spline 1055,1990, 1034,2032, 1007,2045, 983,2042, 962,2032, 947,2010, 948,1961
Line 948,1961, 937,1958, 990,1760, 1018,1744, 1097,1449, 994,1437
Line 996,1400, 1101,1413, 1086,1177, 982,1164
Line 987,1129, 1284,1165
Line 1280,1199, 1179,1188, 1194,1423, 1297,1437
Line 1293,1473, 1185,1460, 1103,1767, 1119,1794, 1066,1992, 1055,1990
Stairs 999,1437, 1003,1401, 1025,1440
Stairs 1037,1442, 1041,1405, 1067,1445
Stairs 1288,1473, 1292,1437, 1259,1468
Stairs 1253,1431, 1248,1467, 1219,1427
Stairs 1273,1199, 1278,1165, 1247,1195
Stairs 1238,1159, 1234,1194, 1208,1155
Stairs 987,1164, 992,1129, 1012,1167
Stairs 1025,1169, 1029,1134, 1056,1173


BrushColor -1
PenColor 0071B9
AngleTextOut 90, Arial, 20, 539, 1150, Горьковская >>
AngleTextOut 90, Arial, 20, 310, 1685, << Сенная Площадь
AngleTextOut 90, Arial, 25, 392, 1436, Невский Проспект, 1

PenColor FF0000
Arrow -124,421, -127,446
Arrow 245,827, 224,827
Arrow 1766,668, 1766,648
Arrow 1089,1750, 1094,1734
PenColor 008000
Arrow -59,532, -38,529
Arrow 224,860, 246,860
Arrow 1814,646, 1814,667
Arrow 1048,1716, 1042,1737
PenColor 000000
Arrow 494,843, 515,843
Arrow 710,842, 734,842
Arrow 973,843, 948,843

PenColor 00873A
AngleTextOut 0, Arial, 20, 527, 727, << Василеостровская
AngleTextOut 0, Arial, 20, 1047, 927, Маяковская >>
AngleTextOut 0, Arial, 25, 1011, 830, Гостиный Двор, 1

PenColor 00AFAF
AngleTextOut 0, Arial, 15, 677, 636, Невский проспект
AngleTextOut 70, Arial, 15, 999, 1569, Думская улица

