Size 1350x1020
Angle 25

PenColor 000000
BrushColor EA7B16
Polygon 866,334, 866,320, 1424,320, 1424,334
Polygon 866,452, 866,466, 1424,466, 1424,452

Line 1424,452, 1424,429, 1387,429, 1387,357, 1424,357, 1424,334
Line 866,334, 866,366, 820,366
Line 866,452, 866,423, 820,423

Dashed 820,366, 820,423, 425,423, 425,366, 820,366

Line 495,359, 495,431, 441,431, 432,440, 244,440, 244,513, 330,599, 480,599, 480,563, 521,563, 615,469, 615,315, 485,185, 334,185, 244,275, 244,350, 433,350, 442,359, 495,359
Stairs 298,350, 298,440, 280,350

Line 124,463, 194,463, 194,327, 124,327
Line 124,272, 193,272, 330,135, 330,70
Line 359,70, 359,135, 384,135, 384,70
Line 404,70, 404,135, 433,135, 433,70
Line 453,70, 453,135, 478,135, 478,70
Line 507,70, 507,135, 667,295, 733,295
Line 733,323, 667,323, 667,466, 733,466
Line 733,494, 667,494, 507,654, 507,719
Line 478,719, 478,655, 453,655, 453,719
Line 433,719, 433,655, 404,655, 404,719
Line 384,719, 384,655, 359,655, 359,719
Line 330,719, 330,655, 191,516, 123,516

Stairs 128,327, 128,272, 152,327
Stairs 187,272, 187,327, 164,272
Stairs 128,463, 128,516, 152,463
Stairs 186,463, 186,516, 164,463
Stairs 330,658, 359,658, 330,676
Stairs 330,716, 359,716, 330,690
Stairs 384,658, 404,658, 384,676
Stairs 384,716, 404,716, 384,690
Stairs 433,658, 453,658, 433,676
Stairs 433,716, 453,716, 433,691
Stairs 478,659, 507,659, 478,676
Stairs 478,716, 507,716, 478,690
Stairs 729,494, 729,466, 702,494
Stairs 673,494, 673,466, 690,494
Stairs 729,323, 729,295, 702,323
Stairs 673,323, 673,295, 690,323
Stairs 478,132, 507,132, 478,110
Stairs 478,73, 507,73, 478,99
Stairs 433,132, 453,132, 433,110
Stairs 433,73, 453,73, 433,99
Stairs 384,132, 404,132, 384,110
Stairs 384,73, 404,73, 384,99
Stairs 330,132, 359,132, 330,110
Stairs 330,73, 359,73, 330,99

PenColor FF0000
Arrow 334,368, 319,368
PenColor 008000
Arrow 318,422, 335,422

BrushColor -1
PenColor EA7B16
AngleTextOut 0, Arial, 20, 870, 298, << пл.Ал.Невского-II
AngleTextOut 0, Arial, 20, 1307, 466, Ладожская >>
AngleTextOut 0, Arial, 25, 1072, 380, Новочеркасская, 1

PenColor 00AFAF
AngleTextOut 0, Arial, 15, 16, 371, Заневский проспект
AngleTextOut -90, Arial, 15, 425, 758, Новочеркасский проспект
