Size 650x950
Angle 65
BrushColor 047C54
Polygon 397,489, 397,501, 826,501, 826,489
Polygon 397,570, 397,582, 826,582, 826,570
BrushColor FFFFFF
Polygon 385,511, 399,511, 399,515, 419,515, 419,501, 778,501, 778,510, 735,510, 735,560, 778,560, 778,570, 419,570, 419,554, 399,554, 399,558, 385,558
Polygon 270,573, 270,595, 295,570, 315,590, 287,618, 218,618, 168,568, 168,500, 217,450, 235,450, 235,479, 219,479, 236,496, 213,518, 196,501, 196,555, 236,595, 236,573
Ellipse 209,492, 294,577
PenColor FFFFFF
Polygon 268,573, 268,595, 239,595, 238,573
Polygon 214,477, 235,498, 215,517, 195,496
Polygon 209,597, 203,604, 187,588, 194,580
Polygon 214,473, 191,493, 183,482, 204,461
Polygon 385,558, 289,558, 289,512, 385,511
BrushColor 808088
PenColor 000000
Polygon 385,558, 289,558, 289,553, 385,553
Polygon 385,546, 289,546, 289,539, 385,539
Polygon 385,531, 289,531, 289,524, 385,524
Polygon 385,516, 289,516, 289,511, 385,511
Stairs 289,546, 289,553, 385,546
Stairs 289,539, 289,531, 385,539
Stairs 289,524, 289,516, 385,524
Line 385,558, 289,558
Line 289,511, 385,511

Railway 10, 14, 7, -69,731, 250,166
Railway 10, 14, 7, -88,684, 186,199


BrushColor -1
PenColor 047C54
AngleTextOut 0, Arial, 25, 537, 525, Обухово, 1
AngleTextOut 0, Arial, 15, 714, 582, Пролетарская >>
AngleTextOut 0, Arial, 15, 405, 471, << Рыбацкое

PenColor 00FF00
Arrow 182,609, 196,595, 2
PenColor FF0000
Arrow 200,481, 186,464, 2

PenColor 00AFAF
AngleTextOut 0, Arial, 15, 297, 670, улица Грибакиных
