Size 830x1030
Angle 60
PenColor 000000
BrushColor 0071B9
Polygon 410,530, 410,544, -148,544, -148,530
Polygon 410,412, 410,398, -148,398, -148,412

Line -148,412, -148,429, -53,429, -53,510, -148,510, -148,530

Line 410,530, 410,506, 458,506
Line 410,412, 410,434, 458,434

Dashed 458,434, 458,506, 791,506, 791,434, 458,434

Line 918,540, 923,545, 859,609, 850,600, 856,594, 789,527, 778,538, 736,496, 736,450, 787,399, 807,419, 876,350, 918,392, 914,395
Line 901,409, 886,424, 895,433, 883,445, 887,487, 899,499, 888,510, 907,529

Line 887,487, 873,490, 859,469, 791,469
Dashed 873,490, 789,527

PenColor FF0000
Arrow 904,399, 918,413
PenColor 008000
Arrow 919,529, 907,541

BrushColor -1
PenColor 0071B9
AngleTextOut 0, Arial, 20, 178, 544, Проспект Просвещения >>
AngleTextOut 0, Arial, 20, -143, 376, << Удельная
AngleTextOut 0, Arial, 25, 129, 457, Озерки, 1

PenColor 00AFAF
AngleTextOut 0, Arial, 15, 825, 658, проспект Энгельса
