Size 270x990
Angle -90

PenColor 000000
BrushColor 0071B9
Polygon -342,403, -342,389, 216,389, 216,403
Polygon -342,521, -342,535, 216,535, 216,521

Line 283,428, 217,428, 217,413, -341,413, -341,509, 217,509, 217,495, 283,495

Dashed 283,495, 283,428, 451,428, 451,495, 283,495

Spline 448,427, 466,414, 491,410, 514,419, 530,437, 536,461, 531,483, 520,498, 504,509
Line 504,509, 504,519
Line 490,522, 490,508, 478,508, 478,522, 490,522
Line 462,518, 462,506
Spline 462,506, 456,502, 448,495

Line 484,508, 484,475, 468,475, 468,462, 451,462
Dashed 484,475, 484,410

PenColor FF0000
Arrow 469,505, 469,525
PenColor 008000
Arrow 497,526, 497,507

BrushColor -1
PenColor 0071B9
AngleTextOut 0, Arial, 20, -335, 363, << Электросила
AngleTextOut 0, Arial, 20, 99, 535, Московская >>
AngleTextOut 0, Arial, 25, -136, 449, Парк Победы, 1

PenColor 00AFAF
AngleTextOut 0, Arial, 15, 380, 594, Московский проспект
AngleTextOut 90, Arial, 15, 606, 518, Бассейная улица
