Size 950x1050
Angle -65
PenColor 000000
BrushColor 0071B9
Polygon 517,312, 517,298, 1075,298, 1075,312
Polygon 517,430, 517,444, 1075,444, 1075,430

Line 450,338, 517,338, 517,321, 1075,321, 1075,421, 517,421, 517,403, 450,403

Dashed 450,338, 450,403, 209,403, 209,338, 450,338
Spline 269,338, 285,351, 291,370, 285,390, 269,403

Spline 227,338, 201,309, 163,297, 121,309, 94,342
Spline 227,403, 201,432, 163,444, 124,434
Line 94,342, 2,342, 2,434, 8,434, 8,464
Line 20,464, 20,434, 25,434, 25,537, 10,537, 10,548, -61,548
Line -62,581, 10,581, -15,740, -85,740
Line -85,773, 144,773
Line 144,740, 69,740, 95,581, 168,581
Line 169,548, 94,548, 94,537, 75,537, 75,434, 80,434, 80,464
Line 92,464, 92,434, 124,434
Line 45,537, 45,434, 55,434, 55,537, 45,537

Line 50,434, 50,389, 98,389, 154,348, 209,369
Dashed 154,348, 199,432

Stairs 8,440, 20,440, 8,448
Stairs 25,440, 45,440, 25,464
Stairs 55,440, 75,440, 55,464
Stairs 25,479, 45,479, 25,516
Stairs 55,479, 75,479, 55,516
Stairs -56,548, -56,581, -31,548
Stairs -21,548, -21,581, 4,548
Stairs 101,548, 101,581, 126,548
Stairs 138,548, 138,581, 163,548
Stairs -80,740, -80,773, -55,740
Stairs -46,740, -46,773, -21,740
Stairs 76,740, 76,773, 101,740
Stairs 112,740, 112,773, 137,740
Stairs 80,440, 92,440, 80,448

PenColor FF0000
Arrow 23,394, 23,408
PenColor 008000
Arrow 87,408, 104,408

BrushColor -1
PenColor 0071B9
AngleTextOut 0, Arial, 20, 522, 269, << Черная Речка
AngleTextOut 0, Arial, 20, 929, 447, Горьковская >>
AngleTextOut 0, Arial, 25, 717, 354, Петроградская, 1

PenColor 00AFAF
AngleTextOut 0, Arial, 15, 202, 659, Каменноостровский проспект
