Size 450x1220
Angle 80

PenColor 000000
BrushColor 0071B9
Polygon 822,687, 822,701, 264,701, 264,687
Polygon 822,569, 822,555, 264,555, 264,569

Line 822,569, 822,586, 748,586, 748,670, 822,670, 822,687

Line 264,687, 264,665, 154,665
Line 264,569, 264,591, 154,591
Line 260,627, 186,627
Stairs 255,665, 255,591, 228,665
Stairs 219,665, 219,591, 197,665

Dashed 154,591, 154,665, -179,665, -179,591, 154,591

Line -200,696, -200,682, -93,682, -93,560, -81,560
Line -82,522, -93,522, -93,488, -262,488, -262,522, -276,522
Line -276,559, -262,559, -262,682, -236,682, -236,696

Line -262,629, -179,629
Dashed -179,591, -262,611

PenColor FF0000
Arrow -223,678, -222,695
PenColor 008000
Arrow -77,541, -96,541
Arrow -278,542, -258,542

BrushColor -1
PenColor 0071B9
AngleTextOut 0, Arial, 20, 713, 703, Удельная >>
AngleTextOut 0, Arial, 20, 267, 529, << Черная Речка
AngleTextOut 0, Arial, 25, 483, 616, Пионерская, 1

PenColor 00AFAF
AngleTextOut -90, Arial, 15, 16, 480, проспект Испытателей
AngleTextOut -160, Arial, 15, -21, 755, Коломяжский проспект
AngleTextOut -70, Arial, 15, -379, 510, Богатырский проспект
