Size 560x780
Angle -70

PenColor 000000
BrushColor DC004B
Polygon 555,394, 555,408, 153,408, 153,394
Polygon 555,315, 555,301, 153,301, 153,315

Line 171,394, 171,383, 288,383, 288,372, 260,372
Line 171,315, 171,326, 288,326, 288,337, 260,337
Line 107,354, 77,347
Dashed 107,372, 260,372, 260,337, 107,337, 107,372
Spline 121,372, 128,364, 130,354, 128,344, 121,337
Spline 142,324, 112,314, 97,317, 86,326, 79,341, 74,360, 76,373, 86,385, 115,397
Spline 137,337, 121,331, 111,330, 101,335
Spline 120,384, 101,377, 93,372, 90,366
Dashed 108,331, 104,314
Line 90,366, 107,372
Line 101,335, 107,337

Line 494,394, 494,383, 377,383, 377,372, 402,372
Line 494,315, 494,326, 377,326, 377,337, 402,337
Dashed 543,372, 402,372, 402,337, 543,337, 543,372
Spline 543,372, 570,379, 587,401, 588,412, 578,424
Spline 543,337, 590,336, 610,334, 626,330, 642,320
Spline 543,354, 579,354, 613,352, 638,345
Line 642,320, 646,324, 657,313
Line 664,320, 653,331, 674,352, 670,357, 673,360
Line 667,366, 664,363, 598,429, 600,432
Line 638,345, 646,353, 612,387, 579,354
Line 642,357, 656,371
Dashed 612,387, 589,410
Line 593,439, 591,437, 586,442, 569,425, 574,420, 578,424
Stairs 657,313, 664,320, 650,320

PenColor FF0000
Arrow 109,387, 119,391
Arrow 658,351, 666,359
Arrow 645,332, 651,326
PenColor 008000
Arrow 141,331, 131,327
Arrow 592,432, 586,426

BrushColor -1
PenColor DC004B
AngleTextOut 0, Arial, 20, 162, 278, << Выборгская
AngleTextOut 0, Arial, 20, 399, 406, Чернышевская >>
AngleTextOut 0, Arial, 25, 235, 337, Площадь Ленина, 1

PenColor 00AFAF
AngleTextOut 140, Arial, 15, 216, 651, улица Академика Лебедева
AngleTextOut 50, Arial, 15, 109, 517, Боткинская улица
AngleTextOut 50, Arial, 15, 268, 517, Финский переулок
AngleTextOut 0, Arial, 15, -134, 422, Лесной проспект
AngleTextOut 140, Arial, 15, 665, 300, Финляндский вокзал
AngleTextOut 50, Arial, 15, 615, 432, улица Комсомола
