Size 810x630
Angle -10
[платформы]
BrushColor DC004B
Polygon 576,183, 584,183, 584,449, 576,449
Polygon 499,183, 507,183, 507,287, 499,287
Polygon 507,313, 507,449, 499,449, 499,313
BrushColor 00873A
Polygon 157,327, 157,335, 481,335, 481,327
Polygon 481,273, 481,265, 157,265, 157,273

BrushColor 000000
Line 507,449, 517,449, 517,423, 523,423, 523,449, 527,449, 527,452
Line 556,452, 556,449, 560,449, 560,423, 566,423, 566,449, 576,449
Line 576,183, 572,183, 572,190, 566,190, 566,198, 567,198, 567,204, 566,204, 566,215, 560,215, 560,204, 555,204, 555,198, 558,198, 558,183
Line 525,183, 525,198, 527,198, 527,204, 523,204, 523,215, 517,215, 517,204, 516,204, 516,198, 517,198, 517,183, 507,183
Line 499,486, 499,477, 527,477, 527,452
Line 556,452, 556,477, 578,477, 578,482, 593,482, 593,474, 601,474
Line 499,499, 499,507, 578,507, 578,504, 591,504, 591,504, 591,508, 602,507
Line 515,500, 568,500
Line 298,295, 283,295
Line 283,310, 298,310
Line 343,295, 358,295
Line 358,310, 343,310
Dashed 298,295, 343,295
Dashed 343,310, 331,310, 331,318, 328,318, 328,328, 326,335
Dashed 298,310, 310,310, 310,318, 313,318, 313,328, 315,335
Dashed 318,320, 318,324, 320,328, 323,324, 323,318, 318,318
Line 334,378, 430,466
Line 427,480, 326,387
Spline 326,336, 329,362, 334,378
Spline 315,335, 317,369, 327,388
Spline 430,466, 463,483, 499,486
Spline 427,480, 456,494, 499,499

BrushColor 7F7F7F
Polygon 566,221, 566,227, 560,227, 560,221
Polygon 523,221, 523,227, 517,227, 517,221
Polygon 566,234, 566,240, 560,240, 560,234
Polygon 523,234, 523,240, 517,240, 517,234
Polygon 566,246, 566,252, 560,252, 560,246
Polygon 523,246, 523,252, 517,252, 517,246
Polygon 566,259, 566,265, 560,265, 560,259
Polygon 523,259, 523,265, 517,265, 517,259
Polygon 566,271, 566,277, 567,277, 567,283, 566,283, 566,317, 567,317, 567,323, 566,323, 566,329, 560,329, 560,323, 558,323, 558,317, 560,317, 560,283, 558,283, 558,277, 560,277, 560,271
Polygon 523,335, 523,341, 517,341, 517,335
Polygon 523,348, 523,354, 517,354, 517,348
Polygon 523,361, 523,367, 517,367, 517,361
Polygon 566,335, 566,367, 560,367, 560,361, 562,361, 562,354, 560,354, 560,348, 562,348, 562,341, 560,341, 560,335
Polygon 566,373, 566,379, 560,379, 560,373
Polygon 523,373, 523,379, 517,379, 517,373
Polygon 566,385, 566,391, 560,391, 560,385
Polygon 523,385, 523,391, 517,391, 517,385
Polygon 566,397, 566,403, 560,403, 560,397
Polygon 523,397, 523,403, 517,403, 517,397
Polygon 566,410, 566,416, 560,416, 560,410
Polygon 523,410, 523,416, 517,416, 517,410
Polygon 517,271, 523,271, 523,277, 525,277, 525,283, 523,283, 523,287, 512,287, 512,285, 515,285, 515,277, 517,277
Polygon 523,314, 523,317, 525,317, 525,323, 523,323, 523,329, 517,329, 517,323, 516,323, 516,316, 512,316, 512,314


Stairs 527,452, 556,452, 527,477
Stairs 516,499, 516,477, 527,499
Stairs 558,499, 558,477, 567,499
Stairs 284,295, 284,310, 310,295
Stairs 357,295, 357,310, 331,295

BrushColor 000000
Line 489,287, 481,287, 481,275, 466,275, 465,276, 455,275, 454,274, 452,274, 452,276, 443,275, 443,274, 441,274, 441,276, 432,275, 432,274, 430,274, 430,276, 421,275, 421,274, 419,274, 419,276, 410,275, 410,274, 407,274, 407,276, 397,275, 397,274, 395,274, 395,276, 386,275, 386,274, 384,274, 384,276, 374,275, 374,273, 371,274, 371,276, 362,275, 362,274, 360,274, 360,276, 351,275, 351,274, 349,274, 349,276, 340,275, 340,274, 338,274, 338,276, 329,275, 329,274, 327,274, 327,276, 318,275, 318,274, 316,274, 316,276, 307,275, 307,274, 305,274, 305,276, 296,275, 296,274, 293,274, 293,276, 284,275, 284,274, 281,274, 281,276, 272,275, 272,274, 269,274, 269,276, 260,275, 260,274, 258,274, 258,276, 248,275, 248,274, 246,274, 246,276, 237,275, 237,274, 235,274, 235,276, 226,275, 226,274, 223,274, 223,276, 214,275, 214,274, 211,274, 211,276, 203,275, 203,274, 201,274, 201,276, 192,275, 192,274, 190,274, 190,276, 181,275, 157,275, 157,285, 146,285, 146,282, 130,282
Line 489,313, 481,313, 481,325, 463,325, 455,324, 455,326, 454,326, 452,326, 452,325, 443,324, 443,326, 441,326, 441,325, 432,324, 432,326, 430,326, 430,325, 421,324, 421,326, 419,326, 419,325, 410,324, 410,326, 407,326, 407,325, 397,324, 397,326, 395,326, 395,325, 386,324, 386,326, 384,326, 384,325, 374,324, 374,326, 371,326, 371,325, 362,324, 362,326, 360,326, 360,325, 351,324, 351,326, 349,326, 349,325, 340,324, 340,326, 338,326, 338,325, 329,324, 329,326, 327,326, 327,325, 318,324, 318,326, 316,326, 316,325, 307,324, 307,326, 305,326, 305,325, 296,324, 296,326, 293,326, 293,325, 284,324, 284,326, 281,326, 281,325, 272,324, 272,326, 269,326, 269,325, 260,324, 260,326, 258,326, 258,325, 248,324, 248,326, 246,326, 246,325, 237,324, 237,326, 235,326, 235,325, 226,324, 226,326, 223,326, 223,325, 214,324, 214,326, 212,326, 212,325, 203,324, 203,326, 201,326, 201,325, 192,324, 192,326, 190,326, 190,325, 181,324, 181,325, 157,325, 157,314, 146,314, 146,317, 130,317

BrushColor FFFFFF
Polygon 549,184, 549,195, 545,195, 545,184
Polygon 529,316, 529,323, 525,323, 525,316
Polygon 143,303, 143,308, 131,308, 131,303
Polygon 600,494, 591,494, 591,498, 600,498


[Вестибюли]
Line 561,70, 561,70, 3
Line 565,65, 565,65, 3
Line 567,58, 567,58, 3
Line 569,50, 569,50, 3
Line 567,43, 567,43, 3
Line 564,36, 564,36, 3
Line 558,30, 558,30, 3
Line 552,26, 552,26, 3
Line 544,23, 544,23, 3
Line 535,23, 535,23, 3
Line 527,26, 527,26, 3
Line 521,30, 521,30, 3
Line 516,36, 516,36, 3
Line 513,44, 513,44, 3
Line 512,51, 512,51, 3
Line 513,58, 513,58, 3
Line 516,64, 516,64, 3
Line 520,70, 520,70, 3
Line 573,63, 592,70, 590,75
Line 508,64, 489,71, 490,75
Line 534,-4, 534,-8, 539,-8, 541,-10, 551,-10, 557,-7, 557,-5, 561,-4, 561,-1
Spline 522,74, 509,51, 520,29
Spline 511,70, 505,55, 509,36, 519,25
Spline 488,33, 497,17, 511,4, 534,-4
Spline 561,-1, 575,8, 588,23, 594,36
Spline 559,74, 570,60, 570,42, 561,28
Spline 566,73, 575,56, 573,38, 563,25
Polygon 547,35, 547,40, 539,40, 539,36
Polygon 688,505, 692,499, 688,496, 684,502
Polygon 701,470, 702,463, 698,462, 697,469
Polygon 34,315, 40,315, 40,324, 34,324
Line 490,29, 494,31
Line 497,32, 500,34
Line 503,35, 508,37
Line 592,30, 588,32
Line 585,33, 581,34
Line 577,36, 573,37
Line 595,39, 596,44
Line 596,48, 596,59
Line 595,64, 592,71
Line 486,38, 484,47
Line 484,53, 485,62
Line 486,65, 489,73
BrushColor 7F7F7F
Polygon 516,27, 518,25, 520,28, 519,31
Polygon 524,21, 526,20, 527,24, 525,25
Polygon 532,17, 535,16, 536,20, 533,21
Polygon 544,16, 543,20, 545,21, 546,16
Polygon 552,22, 554,18, 556,20, 554,23
Polygon 562,28, 564,25, 562,24, 560,28
Line 560,74, 559,74
Line 525,74, 522,74

Polygon 23,246, 41,246, 41,251, 23,251
Polygon 126,239, 129,239, 129,242, 126,242
Polygon 7,166, 10,166, 10,170, 7,170
Polygon 17,166, 20,166, 20,170, 17,170
Polygon 26,166, 29,166, 29,170, 26,170
Polygon 36,166, 39,166, 39,170, 36,170
Polygon 45,166, 48,166, 48,170, 45,170
Line 53,167, 53,212, 59,227, 62,229, 129,229
Line 69,281, 63,251, 63,249, 66,247, 94,247, 94,253, 129,253
Line 2,167, 2,279, 9,279, 9,276, 13,276, 13,295, 9,295, 9,293, 2,293
Spline 2,293, 7,319, 25,335, 51,335, 66,325, 70,317
Line 2,181, 13,181
Line 22,181, 32,181
Line 41,181, 53,181
Line 2,185, 13,185
Line 22,185, 32,185
Line 41,185, 53,185
Line 122,229, 122,237
Line 122,240, 122,244
Line 122,247, 122,253
Line 118,229, 118,237
Line 118,240, 118,244
Line 118,247, 118,253

Line 701,404, 702,409, 704,409
Line 708,427, 703,427, 706,466, 711,465, 714,497, 708,498, 712,537, 746,534, 746,536, 804,531
Line 805,545, 748,550, 748,548, 748,552, 742,552, 742,557, 739,557
Line 727,558, 727,554, 713,555, 713,559, 678,562, 678,558
Line 677,545, 677,541, 680,541, 680,538, 688,538, 688,531, 685,531, 682,499, 674,501
Line 671,469, 678,469, 675,430, 667,430
Line 666,411, 673,411, 674,407
Line 746,540, 746,536
Spline 674,407, 687,399, 701,404
Line 688,419, 688,419, 5
Line 690,434, 690,434, 5
Line 691,449, 691,449, 5
Line 671,430, 671,424
Line 670,416, 670,411
Line 705,427, 705,422
Line 704,414, 704,409
Polygon 676,465, 680,464, 681,468, 677,469
Polygon 690,464, 694,463, 694,467, 690,468
Polygon 704,462, 708,462, 708,465, 704,466
Polygon 691,476, 695,476, 695,480, 691,480
Polygon 691,486, 695,486, 695,490, 691,490
Polygon 693,499, 697,499, 697,503, 693,504
Polygon 679,501, 684,499, 683,504, 679,504
Polygon 706,498, 710,498, 711,502, 706,502
Stairs 680,538, 682,561, 688,538
Stairs 712,537, 713,555, 723,536
Stairs 784,533, 785,547, 793,532
Stairs 798,532, 799,545, 804,531

[эскалаторы]
PenColor 7F7F7F
Polygon 558,183, 558,74, 555,74, 555,183
Polygon 549,183, 549,74, 545,74, 545,183
Polygon 539,183, 539,74, 535,74, 535,183
Polygon 529,183, 529,74, 525,74, 525,183
Stairs 549,74, 555,74, 549,183
Stairs 545,74, 539,74, 545,183
Stairs 535,74, 529,74, 535,183
PenColor 000000
Dashed 558,183, 558,74
Dashed 525,74, 525,183
Spline 558,183, 542,171, 525,183
Spline 558,74, 542,88, 525,74

PenColor 7F7F7F
Polygon 130,282, 61,282, 61,286, 130,286
Polygon 130,292, 61,292, 61,297, 130,297
Polygon 61,303, 130,303, 130,308, 61,308
Polygon 61,314, 130,314, 130,317, 61,317
Stairs 61,286, 61,292, 130,286
Stairs 61,297, 61,303, 130,297
Stairs 61,308, 61,314, 130,308
PenColor 000000
Dashed 130,282, 61,282
Dashed 130,317, 61,317
Spline 130,282, 116,300, 130,317
Spline 69,282, 81,300, 70,317

PenColor 7F7F7F
Line 489,288, 526,288, 3
Line 489,295, 526,294, 3
Line 489,301, 526,301, 3
Line 489,307, 526,307, 3
Line 489,313, 526,313, 3
Stairs 489,288, 489,313, 526,288
PenColor 000000
Dashed 489,287, 526,287
Dashed 489,313, 526,313
Spline 489,288, 501,301, 489,313
Spline 526,288, 513,301, 526,313

PenColor 7F7F7F
Polygon 601,474, 671,469, 671,472, 601,477
Polygon 601,484, 672,479, 672,482, 601,488
Polygon 602,494, 673,488, 673,491, 602,497
Polygon 602,504, 674,497, 674,500, 602,507
Stairs 601,474, 602,505, 671,469
PenColor 000000
Dashed 601,474, 671,469
Dashed 602,507, 674,500
Spline 601,474, 615,489, 602,507
Spline 671,469, 657,485, 674,500

[ограждения, турникеты464,521, ]
PenColor 7F7F7F
Line 528,307, 537,307, 537,324
Line 489,307, 472,307
 
Line 61,317, 40,324
Line 60,297, 39,293
Line 35,293, 40,293, 2
Line 35,296, 40,296, 2
Line 35,299, 40,299, 2
Line 35,302, 40,302, 2
Line 35,305, 40,305, 2
Line 35,308, 40,308, 2
Line 35,311, 40,311, 2

Line 546,75, 539,62, 539,38, 526,-2
Line 568,37, 562,37
Line 550,35, 550,40, 2
Line 553,35, 553,40, 2
Line 556,35, 556,40, 2
Line 559,35, 559,40, 2
Line 562,35, 562,40, 2
Line 553,35, 553,40, 2

Line 672,482, 691,476, 697,468
Line 702,473, 697,473, 2
Line 702,476, 697,476, 2
Line 702,479, 697,479, 2
Line 702,482, 697,482, 2
Line 702,485, 697,485, 2
Line 702,488, 697,488, 2
Line 694,497, 691,495, 2
Line 696,495, 693,493, 2
Line 698,493, 695,491, 2

PenColor FF0000
Arrow 34,201, 34,188
Arrow 99,245, 112,245
Arrow 374,302, 360,302
Arrow 265,302, 279,302
Arrow 684,421, 674,422
Arrow 694,420, 703,419
Arrow 472,310, 484,310
Arrow 537,298, 527,298
Arrow 493,50, 476,50
PenColor 009900
Arrow 16,189, 16,202
Arrow 113,238, 99,238
Arrow 692,533, 692,519
Arrow 533,312, 533,323
Arrow 484,298, 473,298
Arrow 602,46, 588,46

BrushColor -1
PenColor 003F1B
AngleTextOut 0, Arial, 24, 259, 269, Маяковская, 1
PenColor 00873A
AngleTextOut 0, Arial, 15, 160, 248, << Гостиный двор, 1
AngleTextOut 0, Arial, 15, 252, 337, Площадь Александра Невского >>, 1
AngleTextOut 0, Arial, 24, 258, 268, Маяковская, 1
BrushColor -1
PenColor 650022
AngleTextOut 90, Arial, 24, 532, 435, Площадь Восстания, 1
PenColor DC004B
AngleTextOut 90, Arial, 15, 480, 449, << Владимирская, 1
AngleTextOut 90, Arial, 15, 587, 302, Чернышевская >>, 1
AngleTextOut 90, Arial, 24, 531, 434, Площадь Восстания, 1
PenColor 00AFAF
AngleTextOut 0, Arial, 20, 5, 130, Невский проспект
AngleTextOut 0, Arial, 20, 370, 130, Невский проспект
AngleTextOut 90, Arial, 14, 445, 100, улица Восстания
AngleTextOut 90, Arial, 14, 645, 460, Лиговский проспект
AngleTextOut 90, Arial, 14, 136, 429, улица Марата
AngleTextOut 90, Arial, 14, 755, 500, Московский вокзал
AngleTextOut 0, Arial, 20, 683, 126, Плошадь
AngleTextOut 0, Arial, 20, 678, 148, Восстания
