Size 580x800
Angle 75

PenColor 000000
BrushColor DC004B
Polygon 650,502, 650,516, 173,516, 173,502
Polygon 650,423, 650,409, 173,409, 173,423

Line 619,502, 619,423
Line 188,502, 188,488, 149,488
Line 188,423, 188,437, 149,437

Dashed 149,437, 149,488, 0,488, 0,437, 149,437
Spline 0,488, 28,477, 38,462, 28,448, 0,437

Line -58,517, -53,512, -26,539, 48,465, -26,391, -53,418, -58,413
Line -78,433, -73,438, -85,450, -77,458, -77,470, -86,479, -74,491, -79,496
Line 0,488, -55,466, -77,488
Line 0,437, -24,437
Dashed -55,466, -24,437

PenColor FF0000
Arrow -61,500, -69,508
PenColor 008000
Arrow -72,419, -64,427

BrushColor -1
PenColor DC004B
AngleTextOut 0, Arial, 20, 493, 516, Академическая >>
AngleTextOut 0, Arial, 20, 175, 384, << Площадь Мужества
AngleTextOut 0, Arial, 25, 336, 449, Политехническая, 1

PenColor 00AFAF
AngleTextOut -90, Arial, 15, 710, 446, улица Гидротехников
AngleTextOut -150, Arial, 15, 45, 194, Политехническая улица
