Size 960x630
Angle -25

PenColor 000000
BrushColor EA7B16
Polygon -15,229, -15,215, 543,215, 543,229
Polygon -15,347, -15,361, 543,361, 543,347

Line -15,229, -15,255, 26,255, 26,321, -15,321, -15,347
Line 543,347, 543,325, 612,325
Line 543,229, 543,251, 612,251
Stairs 543,251, 543,325, 580,251

Dashed 612,325, 612,251, 814,251, 814,325, 612,325

Spline 805,251, 823,240, 844,237, 867,245, 884,262, 891,287
Line 891,287, 951,327
Line 918,376, 858,336
Spline 858,336, 839,339, 820,335, 805,325
Stairs 891,287, 858,336, 908,298
Stairs 917,304, 884,353, 931,313

Line 935,352, 858,300, 814,288
Dashed 858,300, 814,251

PenColor FF0000
Arrow 907,351, 919,359
PenColor 008000
Arrow 936,335, 924,327

BrushColor -1
PenColor EA7B16
AngleTextOut 0, Arial, 20, -7, 192, << Ладожская
AngleTextOut 0, Arial, 20, 420, 361, ул.Дыбенко >>
AngleTextOut 0, Arial, 25, 191, 275, пр.Большевиков, 1

PenColor 00AFAF
AngleTextOut 0, Arial, 15, 805, 164, проспект Пятилеток
AngleTextOut 55, Arial, 15, 925, 431, улица Коллонтай
