Size 1200x650
Angle -10
PenColor 000000
BrushColor 00873A
Polygon 583,42, 583,28, 1141,28, 1141,42
Polygon 583,160, 583,174, 1141,174, 1141,160

Line 1141,160, 1141,141, 1015,141, 1015,61, 1141,61, 1141,42

Line 583,42, 583,54, 621,54, 621,66, 486,66, 486,190
Line 583,160, 583,148, 621,148, 621,136, 561,136, 561,188
Stairs 595,66, 595,136, 570,66
Stairs 486,142, 561,142, 486,168
Spline 486,190, 484,198, 480,205
Spline 561,188, 553,214, 538,239
Line 480,205, 463,230
Line 538,239, 519,268

Dashed 463,230, 519,268, 321,561, 266,523, 463,230

Line 193,458, 206,438, 285,423, 347,465, 362,540, 319,604, 243,619, 177,575, 175,566
Line 171,528, 165,500, 179,480
Line 214,402, 188,407, 129,492, 146,580, 173,598

Line 165,500, 261,565, 295,543
Dashed 261,565, 319,604

PenColor FF0000
Arrow 213,492, 198,482
PenColor 008000
Arrow 210,563, 227,574

BrushColor -1
PenColor 00873A
AngleTextOut 0, Arial, 20, 591, 5, << тупик
AngleTextOut 0, Arial, 20, 951, 175, Василеостровская >>
AngleTextOut 0, Arial, 25, 782, 84, Приморская, 1

PenColor 00AFAF
AngleTextOut 0, Arial, 15, 127, 686, улица Одоевского
AngleTextOut 90, Arial, 15, 55, 566, Наличная улица
