Size 660x1130
Angle -60

PenColor 000000
BrushColor 00873A
Polygon -241,468, -241,454, 317,454, 317,468
Polygon -241,586, -241,600, 317,600, 317,586

Line -241,586, -241,570, -182,570, -182,555, -138,555, -138,500, -182,500, -182,485, -241,485, -241,468
Line 317,586, 317,570, 260,570, 260,563, 309,563
Line 317,468, 317,485, 260,485, 260,492, 309,492

Dashed 447,492, 309,492, 309,563, 447,563, 447,492
Line 447,492, 549,492
Line 447,563, 549,563
Dashed 549,492, 549,563, 695,563, 695,492, 549,492
Spline 638,563, 619,545, 614,527, 619,509, 638,492

Line 759,676, 751,662
Spline 751,662, 707,671, 662,661, 625,634, 603,595
Line 603,595, 610,592
Spline 610,592, 606,557, 611,526, 633,492
Line 633,492, 628,486
Spline 628,486, 655,465, 686,454, 723,453
Line 723,453, 721,469, 743,472, 745,459
Spline 745,459, 781,481, 808,517, 817,563, 806,609
Line 806,609, 818,616
Line 796,648, 785,638, 780,642, 789,654

Line 695,530, 716,530, 724,535, 724,581, 783,640
Line 724,535, 732,530
Dashed 732,530, 732,470

PenColor FF0000
Arrow 756,643, 768,658
PenColor 008000
Arrow 799,625, 786,613

BrushColor -1
PenColor 00873A
AngleTextOut 0, Arial, 20, -232, 431, << Ломоносовская
AngleTextOut 0, Arial, 20, 212, 600, Обухово >>
AngleTextOut 0, Arial, 25, -19, 518, Пролетарская, 1

PenColor 00AFAF
AngleTextOut 30, Arial, 15, 718, 772, проспект Обуховской обороны
AngleTextOut 120, Arial, 15, 907, 603, улица Чернова
