Size 690x1430
Angle 60

PenColor 000000
BrushColor 0071B9
Polygon 195,886, 195,900, -363,900, -363,886
Polygon 195,768, 195,754, -363,754, -363,768

Line -363,886, -363,868, -283,868, -283,858, -306,858, -306,796, -283,796, -283,787, -363,787, -363,768

Line 195,886, 195,875, 184,875, 184,868, 357,868, 357,786, 350,786, 350,781, 358,764, 358,735, 403,735, 495,707
Line 195,768, 195,779, 184,779, 184,786, 273,786, 273,781, 266,764, 266,649, 392,649, 470,625
Line 336,735, 323,735, 323,786, 336,758, 336,735
Line 301,735, 288,735, 288,758, 301,786, 301,735
Stairs 210,868, 210,786, 231,868
Stairs 241,868, 241,786, 258,868
Stairs 297,779, 273,779, 290,764
Stairs 323,779, 301,779, 323,764
Stairs 327,779, 351,779, 333,764

Line 495,707, 470,625, 761,536, 786,618, 495,707

Spline 777,621, 792,626, 810,628
Spline 838,619, 859,596, 866,566
Spline 855,534, 824,511, 784,512, 754,538
Line 810,628, 814,643, 757,661, 752,646, 744,649, 755,686, 766,692, 829,673, 831,680
Line 855,674, 852,665, 926,642, 932,631, 929,622, 937,620
Line 931,600, 924,602, 906,545, 914,543
Line 908,520, 899,523, 894,508, 859,519, 861,525, 868,530, 855,534
Line 866,566, 878,563, 895,618, 843,634, 838,619
Line 921,499, 926,515, 939,511
Line 948,541, 935,545, 948,588, 961,584
Line 970,614, 958,618, 961,628, 942,663, 922,669, 927,686
Line 783,712, 788,729
Stairs 922,669, 783,712, 925,678
Stairs 970,614, 961,584, 958,618
Stairs 948,541, 939,511, 935,545

Line 859,596, 826,596, 802,571, 774,580
Dashed 806,532, 826,596, 792,626
Line 799,509, 806,532

PenColor FF0000
Arrow 838,663, 843,680
PenColor 008000
Arrow 905,532, 889,537

BrushColor -1
PenColor 0071B9
AngleTextOut 0, Arial, 20, 103, 900, Парнас >>
AngleTextOut 0, Arial, 20, -352, 730, << Озерки
AngleTextOut 0, Arial, 25, -192, 805, Проспект Просвещения, 1

PenColor 00AFAF
AngleTextOut 15, Arial, 15, 811, 767, проспект Энгельса
AngleTextOut -75, Arial, 15, 1023, 481, проспект Просвещения
