Size 1230x500
Angle 10

PenColor 000000
BrushColor DC004B
Polygon 876,198, 876,212, 318,212, 318,198
Polygon 876,119, 876,105, 318,105, 318,119

BrushColor C0C0C0
Polygon 1039,185, 1021,185, 1021,127, 1039,127
Line 872,198, 872,178, 928,178, 928,207, 1038,207, 1038,239, 967,239
Line 967,266, 1039,266, 1039,513, 967,513
Line 967,538, 1162,538
Line 1162,513, 1081,513, 1081,267, 1163,267
Line 1163,240, 1093,240, 1093,208, 1073,208, 1073,106, 960,106, 960,117, 929,117, 929,134, 872,134, 872,119
Line 1021,182, 997,182
Line 952,134, 929,134
Dashed 997,182, 952,134
Stairs 1162,538, 1162,513, 1132,538
Stairs 1093,513, 1093,538, 1121,513
Stairs 967,513, 967,538, 995,513
Stairs 1039,513, 1039,538, 1009,513
Stairs 1163,240, 1163,267, 1137,241
Stairs 1093,240, 1093,267, 1123,240
Stairs 967,239, 967,266, 996,239
Stairs 1007,239, 1007,266, 1033,239
Stairs 1093,223, 1038,223, 1093,230
Stairs 921,134, 921,178, 899,134
Stairs 872,134, 872,178, 889,134

Polygon 180,185, 165,185, 165,127, 180,127
Line 333,198, 333,179, 274,179, 274,195, 243,195, 243,207, 166,207, 166,281, 147,351, 218,370
Line 211,395, 28,346
Line 35,321, 101,339, 119,272, 119,40, 138,-31, 68,-50
Line 75,-74, 257,-25
Line 251,-1, 184,-19, 167,43, 167,105, 273,105, 273,133, 333,133, 333,119
Line 180,131, 208,131
Line 253,179, 274,179
Dashed 253,179, 208,131
Dashed 193,131, 193,105
Stairs 35,321, 28,346, 61,328
Stairs 101,339, 94,364, 72,331
Stairs 218,370, 211,395, 189,362
Stairs 147,351, 140,376, 177,359
Stairs 164,289, 118,277, 161,299
Stairs 257,-25, 251,-1, 231,-32
Stairs 184,-19, 190,-42, 210,-12
Stairs 75,-74, 68,-50, 102,-66
Stairs 138,-31, 145,-55, 108,-39
Stairs 167,43, 122,31, 169,35
Stairs 283,133, 283,179, 304,133
Stairs 333,179, 333,133, 311,179


PenColor FF0000
Arrow 1013,196, 1023,196
Arrow 191,116, 179,116
PenColor 008000
Arrow 1024,116, 1012,116
Arrow 177,195, 191,195

BrushColor -1
PenColor DC004B
AngleTextOut 0, Arial, 20, 691, 212, Ленинский проспект >>
AngleTextOut 0, Arial, 20, 327, 81, << тупик
AngleTextOut 0, Arial, 25, 493, 145, Проспект Ветеранов, 1

PenColor 00AFAF
AngleTextOut -15, Arial, 15, 260, 267, бульвар Новаторов
AngleTextOut 0, Arial, 15, 887, 381, бульвар Новаторов
AngleTextOut -90, Arial, 15, 1212, 284, Дачный проспект
