Size 1130x980
Angle 20
BrushColor DC004B
Polygon 659,468, 659,452, 948,452, 948,468
Polygon 266,468, 266,452, 615,452, 615,468
Polygon 266,636, 948,636, 948,652, 266,652
Line 948,469, 948,493, 939,493
Line 948,636, 948,611, 939,611
Line 939,497, 792,497, 792,510, 807,510, 807,544, 815,544, 815,540, 824,540
Line 939,607, 792,607, 792,594, 807,594, 807,560, 815,560, 815,564, 824,564
Line 266,469, 266,493, 276,493
Line 266,636, 266,611, 276,611
Line 276,497, 409,497, 409,513, 399,513, 399,519, 394,519, 394,525, 367,525, 367,520, 350,520
Line 276,607, 409,607, 409,591, 399,591, 399,585, 394,585, 394,579, 367,579, 367,584, 350,584
Spline 824,540, 827,552, 824,564
BrushColor 7F7F7F
Polygon 276,493, 290,493, 290,497, 276,497
Polygon 276,607, 290,607, 290,611, 276,611
Polygon 306,493, 321,493, 321,497, 306,497
Polygon 306,607, 321,607, 321,611, 306,611
Polygon 335,493, 350,493, 350,497, 335,497
Polygon 335,607, 350,607, 350,611, 335,611
Polygon 364,493, 379,493, 379,497, 364,497
Polygon 364,607, 379,607, 379,611, 364,611
Polygon 394,493, 409,493, 409,497, 394,497
Polygon 394,607, 409,607, 409,611, 394,611
Polygon 806,493, 821,493, 821,497, 806,497
Polygon 806,607, 821,607, 821,611, 806,611
Polygon 835,493, 850,493, 850,497, 835,497
Polygon 835,607, 850,607, 850,611, 835,611
Polygon 865,493, 880,493, 880,497, 865,497
Polygon 865,607, 880,607, 880,611, 865,611
Polygon 892,493, 909,493, 909,497, 892,497
Polygon 892,607, 909,607, 909,611, 892,611
Polygon 924,493, 939,493, 939,497, 924,497
Polygon 924,607, 939,607, 939,611, 924,611
Polygon 424,493, 439,493, 439,513, 424,513
Polygon 424,591, 439,591, 439,611, 424,611
Polygon 453,493, 468,493, 468,513, 453,513
Polygon 453,591, 468,591, 468,611, 453,611
Polygon 482,493, 497,493, 497,513, 482,513
Polygon 482,591, 497,591, 497,611, 482,611
Polygon 512,493, 527,493, 527,513, 512,513
Polygon 512,591, 527,591, 527,611, 512,611
Polygon 541,493, 556,493, 556,513, 541,513
Polygon 541,591, 556,591, 556,611, 541,611
Polygon 570,493, 585,493, 585,513, 570,513
Polygon 570,591, 585,591, 585,611, 570,611
Polygon 600,493, 615,493, 615,513, 600,513
Polygon 600,591, 615,591, 615,611, 600,611
Polygon 688,493, 703,493, 703,513, 688,513
Polygon 629,591, 644,591, 644,611, 629,611
Polygon 659,493, 674,493, 674,513, 659,513
Polygon 659,591, 674,591, 674,611, 659,611
;Polygon 443,394, 458,394, 458,414, 443,414
Polygon 688,591, 703,591, 703,611, 688,611
Polygon 717,493, 732,493, 732,513, 717,513
Polygon 717,591, 732,591, 732,611, 717,611
Polygon 747,493, 762,493, 762,513, 747,513
Polygon 747,591, 762,591, 762,611, 747,611
Polygon 777,493, 792,493, 792,513, 777,513
Polygon 777,591, 792,591, 792,611, 777,611
Polygon 795,548, 804,548, 804,557, 795,557
BrushColor FFFFFF
Polygon 351,560, 364,560, 364,568, 351,568
Polygon 96,546, 96,536, 114,536, 114,546
Polygon 102,583, 114,583, 114,599, 102,599
PenColor 7F7F7F
Line 431,518, 431,518, 7
Line 460,518, 460,518, 7
Line 490,518, 490,518, 7
Line 520,518, 520,518, 7
Line 548,518, 548,518, 7
Line 577,518, 577,518, 7
Line 607,518, 607,518, 7
Line 637,518, 637,518, 7
Line 666,518, 666,518, 7
Line 696,518, 696,518, 7
Line 725,518, 725,518, 7
Line 754,518, 754,518, 7
Line 784,518, 784,518, 7
Line 802,532, 802,532, 7
Line 802,574, 802,574, 7
Line 431,586, 431,586, 7
Line 460,586, 460,586, 7
Line 490,586, 490,586, 7
Line 520,586, 520,586, 7
Line 548,586, 548,586, 7
Line 577,586, 577,586, 7
Line 607,586, 607,586, 7
Line 637,586, 637,586, 7
Line 666,586, 666,586, 7
Line 696,586, 696,586, 7
Line 725,586, 725,586, 7
Line 754,586, 754,586, 7
Line 784,586, 784,586, 7

Line 17,553, 62,553
Line 67,554, 89,554, 96,546
Line 112,546, 147,546
Line 108,550, 114,550, 2
Line 108,554, 114,554, 2
Line 108,558, 114,558, 2
Line 108,562, 114,562, 2
Line 108,566, 114,566, 2
Line 108,570, 114,570, 2
Line 108,575, 114,575, 2
Line 108,579, 114,579, 2
Line 88,514, 88,514, 5
Line 100,506, 100,506, 5
Line 114,502, 114,502, 5
Line 87,591, 87,591, 5
Line 100,600, 100,600, 5
Line 114,604, 114,604, 5
PenColor 000000
Line 122,497, 122,500, 150,500, 150,518, 157,518, 157,514, 209,514, 209,591, 157,591, 157,587, 150,587, 150,604, 122,604, 122,610
Line 122,493, 122,484, 126,484, 126,493, 175,493, 175,454, 160,454, 160,450, 164,446, 174,446
Line 124,446, 133,446, 137,450, 137,454, 126,454, 126,462, 122,462, 122,453
Line 42,492, 38,489
Line 39,616, 43,614, 58,629, 64,623, 69,628, 64,633, 67,637, 72,637, 72,640, 68,644, 58,644
Line 108,644, 98,644, 95,640, 95,637, 101,637, 95,616, 90,618, 86,609, 90,603, 78,591
Spline 122,496, 95,503, 78,520
Spline 77,514, 98,498, 121,493
Spline 122,453, 77,464, 43,492
Spline 38,489, 17,553, 39,616
Spline 80,590, 89,598, 103,606, 122,609
BrushColor 7F7F7F
Polygon 43,613, 47,609, 51,613, 47,617
Polygon 42,492, 46,488, 50,492, 46,496
Polygon 72,517, 76,512, 81,516, 77,521
Polygon 66,527, 72,530, 70,535, 64,533
Polygon 61,550, 67,550, 67,556, 61,556
Polygon 64,573, 70,571, 72,576, 66,579
Polygon 73,589, 77,585, 81,590, 76,594

PenColor 7F7F7F
Polygon 147,520, 350,520, 350,524, 147,524
Polygon 147,536, 350,536, 350,546, 147,546
Polygon 147,559, 350,559, 350,569, 147,569
Polygon 147,581, 350,581, 350,584, 147,584
Stairs 147,520, 147,584, 351,520
PenColor 000000
Dashed 147,520, 350,520
Dashed 350,584, 147,584
Spline 173,520, 190,529, 202,552, 191,574, 173,584
Line 147,520, 173,520
Line 147,584, 173,584
Line 209,514, 209,591
Spline 350,520, 313,552, 350,584
PenColor FF0000
Arrow 148,471, 148,455

PenColor 009900
Arrow 84,642, 84,625

BrushColor -1
PenColor 650022
AngleTextOut 0, Arial, 36, 502, 531, Пушкинская, 1
PenColor DC004B
AngleTextOut 0, Arial, 18, 278, 431, << Технологический Институт, 1
AngleTextOut 0, Arial, 18, 810, 655, Владимирская >>, 1
AngleTextOut 0, Arial, 36, 501, 529, Пушкинская, 1
PenColor 00AFAF
AngleTextOut 0, Arial, 20, 82, 375, Загородный проспект
AngleTextOut -90, Arial, 18, -47, 639, Витебский вокзал




; Звенигородская
Size 570x630
;Image Zv.gif

;Angle 0
PenColor 000000
BrushColor 6C0D75
Polygon 397,214, 397,200, 1059,200, 1059,214
Polygon 659,356, 659,342, 1059,342, 1059,356
Polygon 397,342, 397,356, 615,356, 615,342

Line 397,214, 397,228, 521,228, 521,234, 494,234, 494,322, 521,322, 521,328, 397,328, 397,342
Line 1059,214, 1059,228, 907,228, 907,233, 931,233, 931,323, 907,323, 907,328, 1059,328, 1059,342

BrushColor 808080
Polygon 762,233, 762,228, 825,228, 825,233
Polygon 762,328, 762,323, 825,323, 825,328
Polygon 598,233, 598,228, 676,228, 676,233
Polygon 598,323, 598,328, 615,328, 615,323
Polygon 659,323, 659,328, 676,328, 676,323

Line 615,328, 615,516
Line 659,328, 659,516
Line 630,352, 630,365
Line 644,352, 644,365
Line 638,379, 638,516
Stairs 615,323, 659,323, 615,345
Stairs 615,516, 659,516, 615,495
Stairs 676,233, 676,323, 662,233
Stairs 598,233, 598,323, 612,233

PenColor C0C0C0
Dashed 938,242, 1144,242, 1144,315, 938,315, 938,242

BrushColor -1
PenColor 6C0D75
AngleTextOut 0, Arial, 20, 408, 178, << Садовая
AngleTextOut 0, Arial, 20, 935, 356, Волковская >>
AngleTextOut 0, Arial, 25, 695, 264, Звенигородская, 1

PenColor 00AFAF
AngleTextOut -90, Arial, 18, 1192, 209, Звенигородская улица
