Size 1520x840
Angle -35

PenColor 000000
BrushColor 00873A
Polygon 987,584, 987,639, 129,639, 129,584
Dashed 987,612, 130,612

Line 129,639, 129,648, 69,648, 69,728, 199,728, 199,754
Line 213,754, 213,728, 237,728, 237,754
Line 251,754, 251,728, 397,728, 397,705, 433,705, 433,728, 627,728, 627,703, 663,703, 663,728, 807,728, 807,754
Line 822,754, 822,728, 846,728, 846,754
Line 860,754, 860,728, 1026,728, 1026,648, 987,648, 987,639
Stairs 213,754, 199,754, 213,732
Stairs 251,754, 237,754, 251,732
Stairs 860,754, 846,754, 860,732
Stairs 822,754, 807,754, 822,732
Stairs 627,703, 627,728, 663,703
Stairs 397,728, 397,705, 433,728

Line 129,584, 129,575, 69,575, 69,541, 433,541, 433,459, 266,459, 266,342, 552,342
Line 552,459, 545,459, 545,541, 1026,541, 1026,573, 987,573, 987,584
Dashed 545,505, 433,505

Dashed 962,459, 552,459, 552,342, 962,342, 962,459

Line 962,459, 1067,459, 1067,489
Line 1100,489, 1100,459, 1135,459, 1135,489
Line 1168,489, 1168,136, 1362,136
Line 1362,109, 1168,109, 1168,11, 1349,11, 1349,-29
Line 1315,-29, 922,-29
Line 886,-29, 886,11, 1067,11, 1067,109, 879,109
Line 879,136, 1067,136, 1067,342, 962,342
Line 1134,342, 1101,342, 1101,5, 1134,5, 1134,342
Stairs 1168,334, 1134,334, 1168,319
Stairs 1101,334, 1067,334, 1101,319
Stairs 1067,136, 1067,109, 1031,136
Stairs 1019,136, 1019,109, 983,136
Stairs 971,136, 971,109, 929,136
Stairs 917,136, 917,109, 879,136
Stairs 1067,11, 1067,-29, 1026,11
Stairs 1010,11, 1010,-29, 977,11
Stairs 962,11, 962,-29, 927,11
Stairs 1168,11, 1168,-29, 1211,11
Stairs 1224,11, 1224,-29, 1260,11
Stairs 1274,11, 1274,-29, 1311,11
Stairs 1168,136, 1168,109, 1203,136
Stairs 1217,136, 1217,109, 1251,136
Stairs 1264,136, 1264,109, 1305,136
Stairs 1317,136, 1317,109, 1355,136

Railway 10, 14, 7, 270,274, 1556,274
Railway 10, 14, 7, 341,227, 1531,227

PenColor FF0000
Arrow 853,695, 853,719
Arrow 588,715, 613,715
PenColor 009900
Arrow 481,434, 481,455

BrushColor -1
PenColor 000000
AngleTextOut 0, Arial, 20, 900, 614, тупик >>
AngleTextOut 0, Arial, 20, 137, 583, << Обухово
AngleTextOut 0, Arial, 25, 539, 596, Рыбацкое, 1
PenColor FFFF00
AngleTextOut 0, Arial, 20, 901, 615, тупик >>
AngleTextOut 0, Arial, 20, 138, 584, << Обухово
AngleTextOut 0, Arial, 25, 541, 598, Рыбацкое, 1

PenColor 00AFAF
AngleTextOut 90, Arial, 15, 1066, -155, улица Пограничников

