Size 1000x1240
Angle -90

; Спасская

PenColor 000000
BrushColor EA7B16
Polygon 832,586, 820,574, 375,1019, 387,1031
Polygon 898,654, 910,666, 466,1110, 454,1098

; Садовая

PenColor 000000
BrushColor 6C0D75
Polygon 14,426, 14,410, 500,410, 500,426
Polygon 14,519, 14,535, 500,535, 500,519

; выход с Садовой

Line 14,426, 14,440, -94,440, -94,576
Spline -94,576, -84,607, -60,639, -16,650
Line -16,650, 46,650
Line 14,519, 14,510, -38,510, -38,551
Spline -38,551, -33,573, -16,589, 10,592
Line 10,592, 46,592
Stairs 10,440, 10,510, -4,440
Stairs -12,440, -12,510, -26,440

Dashed 46,650, 46,592, 107,592, 106,650, 46,650

Line 107,592, 118,592, 118,563, 286,563, 286,589, 472,589, 518,635, 589,564, 568,543
Line 643,586, 584,527
Line 627,602, 606,581, 411,775, 432,796
Line 417,811, 358,752
Line 373,737, 394,758, 470,683, 438,651, 286,651, 286,684, 118,684, 118,650, 106,650
Line 360,621, 261,621, 168,639, 106,622
Dashed 168,681, 168,639, 120,571

Stairs 375,739, 360,754, 381,745
Stairs 386,750, 371,765, 392,756
Stairs 430,794, 415,809, 424,788
Stairs 419,783, 404,798, 413,777
Stairs 346,589, 346,651, 336,589
Stairs 625,600, 641,584, 619,594
Stairs 614,589, 630,573, 608,583
Stairs 570,545, 586,529, 576,551
Stairs 581,556, 597,540, 587,562

; переход Сенная-Садовая

Line 710,434, 710,329
Line 682,514, 765,514, 765,329
Stairs 710,329, 765,329, 710,366

Line 500,426, 500,443, 529,443
Line 500,519, 500,504, 529,504

Dashed 529,443, 529,504, 607,505, 607,443, 529,443

Line 607,505, 627,505, 651,514, 682,514
Line 607,474, 637,474, 667,463, 682,463, 682,485, 667,485, 637,474
Line 607,443, 627,443, 651,434, 710,434
Stairs 670,434, 670,463, 679,434
Stairs 670,485, 670,514, 679,485

; Переход Спасская - Сенная

Line 971,260, 971,286, 1098,286, 1098,349, 1095,349, 1098,380, 1094,380, 1069,447, 1020,516, 997,536, 952,581
Line 908,624, 888,644, 898,654
Line 971,371, 971,349, 1019,349, 1017,380, 1022,380, 946,493, 905,534
Line 861,577, 842,596, 832,586
Line 965,521, 996,495, 1038,436, 1065,382, 1061,382, 1058,349, 1055,382, 1051,382, 965,521
Stairs 1018,372, 1056,372, 1019,356
Stairs 1060,372, 1097,370, 1058,353
Dashed 861,577, 908,624, 952,581, 905,534, 861,577
Stairs 1005,349, 1005,286, 976,349


; Сенная Площадь

BrushColor 0071B9
Polygon 971,260, 971,244, 501,244, 501,260
Polygon 971,371, 971,387, 765,387, 765,371
Polygon 710,371, 710,387, 501,387, 501,371

; выход с Сенной

Line 501,260, 501,273, 650,273, 650,285, 621,285
Line 501,371, 501,359, 650,359, 650,347, 621,347

Dashed 621,347, 621,285, 496,285, 496,347, 621,347
Spline 527,347, 543,316, 527,285

Spline 500,285, 479,263, 449,253, 418,259, 394,278
Spline 500,347, 492,359, 482,367
Line 482,367, 471,356
Line 457,342, 425,310
Line 410,294, 394,278

Line 451,253, 451,288
Line 441,326, 451,316, 496,316
Dashed 451,316, 451,288

; переход с Садовой на Спасскую

Line 453,983, 380,909, 350,866
Line 412,1024, 346,958, 304,899
Dashed 304,899, 350,866, 297,791, 251,824, 304,899

Line 251,824, 203,756, 203,684
Line 203,563, 203,535

Line 297,791, 251,725, 251,684
Line 251,563, 251,535

Line 166,457, 203,457, 203,492, 166,492
Line 289,492, 251,492, 251,457, 290,457

Stairs 286,492, 286,457, 255,492
Stairs 169,492, 169,457, 199,492
Stairs 451,981, 410,1022, 407,937
Line 387,1031, 454,1098

PenColor C0C0C0
Dashed 203,457, 251,457
Dashed 203,684, 203,563
Dashed 203,519, 203,492
Dashed 251,684, 251,563
Dashed 251,519, 251,492

; стрелки

PenColor FF0000
Arrow 310,636, 324,636
Arrow 471,342, 457,356
PenColor 008000
Arrow 324,606, 310,606
Arrow 409,309, 424,294

BrushColor -1
PenColor 6C0D75
AngleTextOut 0, Arial, 20, 26, 387, << Спортивная
AngleTextOut 0, Arial, 20, 337, 533, Звенигородская >>
AngleTextOut 0, Arial, 25, 302, 455, Садовая, 1

PenColor 0071B9
AngleTextOut 0, Arial, 20, 504, 218, << Невский Проспект
AngleTextOut 0, Arial, 20, 695, 389, Технологический Институт-II >>
AngleTextOut 0, Arial, 25, 657, 294, Сенная Площадь, 1

PenColor EA7B16
AngleTextOut 45, Arial, 20, 426, 931, << тупик
AngleTextOut 45, Arial, 20, 807, 768, Достоевская >>
AngleTextOut 45, Arial, 25, 620, 840, Спасская, 1

PenColor 00AFAF
AngleTextOut 135, Arial, 15, 470, 658, Сенная площадь
AngleTextOut 135, Arial, 15, 807, 998, Садовая улица
AngleTextOut 135, Arial, 15, 161, 354, Садовая улица
AngleTextOut 45, Arial, 15, 715, 205, улица Ефимова
AngleTextOut 45, Arial, 15, -40, 769, Спасский пер.
AngleTextOut 45, Arial, 15, 181, 973, пер. Гривцова
AngleTextOut 0, Arial, 15, 885, 721, Московский проспект
AngleTextOut 135, Arial, 15, 862, 865, пер.Бринько

Opaque 20

; Улицы
PenColor 80EFEF
BrushColor 80EFEF
;PenColor 000000
;BrushColor 000000
Line 691,867, 840,1016, 40
Line 785,773, 907,895, 20
Line 736,730, 1051,730, 40
Line 474,453, 822,115, 20
Line 279,453, -52,123, 40
Line 406,765, 153,1018, 20
Line 193,551, -85,830, 20
Polygon 789,768, 599,958, 187,545, 376,355

; выход со Спасской
PenColor 000000
Line 586,850, 539,803, 539,682
Line 545,891, 481,827, 481,682
Dashed 538,542, 539,682, 481,682, 480,542, 538,542
Stairs 543,889, 584,848, 498,844

