Size 1290x1440
Angle -40

PenColor 000000
BrushColor 6C0D75
Polygon 772,577, 772,563, 1330,563, 1330,577
Polygon 926,795, 926,809, 1484,809, 1484,795

BrushColor C0C0C0

Polygon 772,695, 772,709, 1330,709, 1330,695
Polygon 926,913, 926,927, 1484,927, 1484,913

Line 1330,577, 1330,602, 1307,602, 1307,670, 1330,670, 1330,695
Line 772,577, 772,599, 738,599
Line 772,695, 772,674, 738,674

Dashed 738,599, 738,674, 378,674, 378,599, 738,599

Line 271,396, 192,475, 192,603, 282,603, 322,563, 419,563, 419,710, 322,710, 282,670, 192,670, 192,757, 289,757
Line 289,807, 124,807, -2,681, -56,681, -56,777
Line -108,777, -108,492
Line -56,492, -56,593, -2,593, 103,488, 103,290
Line 153,290, 153,438, 233,358
Line 219,631, 219,643, 197,643, 197,631, 219,631
Stairs 103,290, 153,290, 103,325
Stairs 103,337, 153,337, 103,375
Stairs 233,358, 271,396, 209,382
Stairs 201,390, 239,428, 175,416
Stairs -108,492, -56,492, -108,530
Stairs -108,539, -56,539, -108,577
Stairs -108,777, -56,777, -108,740
Stairs -108,730, -56,730, -108,692
Stairs 289,807, 289,757, 251,807
Stairs 242,807, 242,757, 203,807
Stairs 267,670, 267,603, 250,670

Line 378,674, 341,674
Line 378,599, 341,599
Dashed 341,599, 341,674
Line 378,637, 341,637

Dashed 892,608, 855,608, 855,664, 891,664
Spline 892,608, 911,636, 891,664
Dashed 1153,608, 1119,608, 1119,664, 1153,664
Spline 1153,608, 1172,636, 1153,664

PenColor C0C0C0
Dashed 892,608, 1035,608, 1035,664, 891,664
Dashed 1153,608, 1287,608, 1287,664, 1153,664
Dashed 1253,830, 1119,830, 1119,892, 1253,892
Dashed 1001,830, 855,830, 855,892, 1001,892

PenColor 000000
BrushColor -1
Ellipse 934,612, 983,661
Ellipse 991,612, 1040,661
Ellipse 1048,612, 1097,661

; нижний этаж
Line 1484,809, 1484,914
Line 926,809, 926,830, 938,830, 938,892, 926,892, 926,913

Dashed 1001,830, 1035,830, 1035,892, 1001,892
Dashed 1253,830, 1287,830, 1287,892, 1253,892
Line 1001,830, 1001,892
Line 1253,830, 1253,892

PenColor FF0000
Arrow 245,616, 229,616
PenColor 008000
Arrow 229,656, 245,656

BrushColor -1
PenColor 6C0D75
AngleTextOut 0, Arial, 20, 778, 538, << Чкаловская
AngleTextOut 0, Arial, 20, 1376, 770, Садовая >>
AngleTextOut 0, Arial, 25, 1023, 726, Спортивная, 1

PenColor 808080
AngleTextOut 0, Arial, 15, 780, 710, верхний зал
AngleTextOut 0, Arial, 15, 935, 774, нижний зал

PenColor 00AFAF
AngleTextOut 90, Arial, 15, -224, 650, Большой проспект
AngleTextOut 0, Arial, 15, 232, 178, проспект Добролюбова
