Size 260x1090
Angle -85
PenColor 000000
BrushColor 6C0D75
Polygon 91,489, 91,475, 649,475, 649,489
Polygon 91,607, 91,621, 649,621, 649,607

Line 649,489, 649,514, 598,514, 598,582, 649,582, 649,607

Line 91,489, 91,511, 47,511
Line 91,607, 91,585, 47,585

Dashed 47,511, 47,585, -229,585, -229,511, 47,511

Spline -222,511, -240,500, -262,497, -287,506, -304,526
Spline -222,585, -240,596, -262,599, -287,590, -304,570
Line -304,526, -320,526, -320,509, -331,509, -331,478, -292,478
Line -361,511, -361,508, -371,508, -384,524, -384,576, -373,591, -361,591, -361,587
Line -304,570, -320,570, -320,590, -331,590, -331,621, -294,621
Line -384,541, -338,541, -331,548, -271,548, -263,540, -253,540, -229,550
Dashed -259,497, -259,599

PenColor FF0000
Arrow -349,518, -349,503
PenColor 008000
Arrow -351,599, -351,584

BrushColor -1
PenColor 6C0D75
AngleTextOut 0, Arial, 20, 98, 450, << Комендантский пр.
AngleTextOut 0, Arial, 20, 439, 624, Крестовский остров >>
AngleTextOut 0, Arial, 25, 290, 534, Старая деревня, 1

PenColor 00AFAF
AngleTextOut 0, Arial, 15, -383, 417, Торфяная улица
