Size 1062x1265
Angle -37
BrushColor DC004B
Polygon 674,542, 674,906, 654,897, 654,542
Polygon 674,960, 674,1271, 654,1271, 654,968
Polygon 460,1332, 440,1332, 440,567, 460,567
BrushColor 0071B9
Polygon 838,474, 838,1102, 858,1102, 858,474
Polygon 599,567, 619,567, 619,887, 599,887
Polygon 599,979, 619,979, 619,1332, 599,1332
Line 542,-143

BrushColor 808080
Polygon 696,820, 714,820, 714,849, 722,849, 722,910, 696,910
Polygon 798,820, 816,820, 816,1011, 765,1011, 765,1008, 747,1008, 747,1011, 696,1011, 696,956, 797,956, 797,910, 792,910, 792,849, 798,849
Polygon 816,1022, 816,1089, 811,1089, 811,1086, 760,1059, 760,1062, 746,1062, 746,1059, 710,1059, 710,1062, 696,1062, 696,1022
Polygon 621,915, 626,915, 660,927, 660,939, 629,951, 621,951
Line 674,1271, 696,1271, 696,1073, 760,1073, 760,1075, 806,1098, 816,1098, 816,1102, 838,1102
Line 674,542, 696,542, 696,580, 714,580, 714,567, 722,567, 722,545, 717,545, 717,524
Line 797,524, 797,545, 790,545, 790,567, 798,567, 798,580, 816,580, 816,474, 838,474
Line 584,887, 629,887, 683,910, 696,910
Line 584,979, 629,979, 683,956, 696,956
Line 460,1332, 478,1332, 478,1293, 485,1293, 485,1234, 575,1234, 575,1293, 582,1293, 582,1332, 599,1332
Line 460,567, 478,567, 478,592, 485,592, 485,567, 504,567, 504,540, 496,540, 496,514
Line 599,567, 582,567, 582,592, 575,592, 575,567, 556,567, 556,540, 564,540, 564,514
Stairs 722,849, 792,849, 722,904
Stairs 722,911, 722,955, 703,910
Stairs 600,887, 600,979, 573,887
Stairs 562,882, 562,980, 573,882
Dashed 696,910, 696,958
Dashed 674,907, 674,960
Dashed 599,887, 599,980
Dashed 587,888, 587,978

Polygon 696,591, 714,591, 714,607, 696,607
Polygon 798,591, 816,591, 816,607, 798,607
Polygon 696,617, 714,617, 714,633, 696,633
Polygon 798,617, 816,617, 816,633, 798,633
Polygon 696,642, 714,642, 714,658, 696,658
Polygon 798,642, 816,642, 816,658, 798,658
Polygon 696,667, 714,667, 714,683, 696,683
Polygon 798,667, 816,667, 816,683, 798,683
Polygon 696,693, 714,693, 714,709, 696,709
Polygon 798,693, 816,693, 816,709, 798,709
Polygon 696,718, 714,718, 714,734, 696,734
Polygon 798,718, 816,718, 816,734, 798,734
Polygon 696,744, 714,744, 714,760, 696,760
Polygon 798,744, 816,744, 816,760, 798,760
Polygon 696,769, 714,769, 714,785, 696,785
Polygon 798,769, 816,769, 816,785, 798,785
Polygon 696,794, 714,794, 714,810, 696,810
Polygon 798,794, 816,794, 816,810, 798,810
Polygon 478,606, 486,606, 486,615, 478,615
Polygon 574,606, 582,606, 582,615, 574,615
Polygon 478,628, 486,628, 486,637, 478,637
Polygon 574,628, 582,628, 582,637, 574,637
Polygon 478,650, 486,650, 486,659, 478,659
Polygon 574,650, 582,650, 582,659, 574,659
Polygon 478,672, 486,672, 486,681, 478,681
Polygon 574,672, 582,672, 582,681, 574,681
Polygon 478,694, 486,694, 486,703, 478,703
Polygon 574,694, 582,694, 582,703, 574,703
Polygon 478,715, 486,715, 486,724, 478,724
Polygon 574,715, 582,715, 582,724, 574,724
Polygon 478,737, 486,737, 486,746, 478,746
Polygon 574,737, 582,737, 582,746, 574,746
Polygon 478,759, 486,759, 486,768, 478,768
Polygon 574,759, 582,759, 582,768, 574,768
Polygon 478,782, 486,782, 486,791, 478,791
Polygon 574,782, 582,782, 582,791, 574,791
Polygon 478,803, 486,803, 486,812, 478,812
Polygon 574,803, 582,803, 582,812, 574,812
Polygon 478,825, 486,825, 486,834, 478,834
Polygon 574,825, 582,825, 582,834, 574,834
Polygon 478,848, 486,848, 486,857, 478,857
Polygon 574,848, 582,848, 582,857, 574,857
Polygon 478,869, 486,869, 486,872, 495,872, 495,881, 492,881, 485,892, 478,892
Polygon 582,869, 574,869, 574,872, 564,872, 564,881, 567,881, 575,892, 582,892
Polygon 478,994, 486,994, 486,990, 495,990, 495,980, 492,980, 485,971, 478,971
Polygon 582,994, 574,994, 574,990, 564,990, 564,980, 567,980, 575,971, 582,971
Polygon 478,1007, 486,1007, 486,1016, 478,1016
Polygon 574,1007, 582,1007, 582,1016, 574,1016
Polygon 478,1029, 486,1029, 486,1038, 478,1038
Polygon 574,1029, 582,1029, 582,1038, 574,1038
Polygon 478,1050, 486,1050, 486,1059, 478,1059
Polygon 574,1050, 582,1050, 582,1059, 574,1059
Polygon 478,1072, 486,1072, 486,1081, 478,1081
Polygon 574,1072, 582,1072, 582,1081, 574,1081
Polygon 478,1095, 486,1095, 486,1104, 478,1104
Polygon 574,1095, 582,1095, 582,1104, 574,1104
Polygon 478,1117, 486,1117, 486,1126, 478,1126
Polygon 574,1117, 582,1117, 582,1126, 574,1126
Polygon 478,1139, 486,1139, 486,1148, 478,1148
Polygon 574,1139, 582,1139, 582,1148, 574,1148
Polygon 478,1161, 486,1161, 486,1170, 478,1170
Polygon 574,1161, 582,1161, 582,1170, 574,1170
Polygon 478,1182, 486,1182, 486,1191, 478,1191
Polygon 574,1182, 582,1182, 582,1191, 574,1191
Polygon 478,1204, 486,1204, 486,1213, 478,1213
Polygon 574,1204, 582,1204, 582,1213, 574,1213
Polygon 478,1226, 486,1226, 486,1235, 478,1235
Polygon 574,1226, 582,1226, 582,1235, 574,1235
Polygon 478,1248, 485,1248, 485,1257, 478,1257
Polygon 575,1248, 582,1248, 582,1257, 575,1257
Polygon 478,1270, 485,1270, 485,1279, 478,1279
Polygon 575,1270, 582,1270, 582,1279, 575,1279
PenColor 7F7F7F
Polygon 797,524, 797,225, 787,225, 787,524
Polygon 774,524, 774,225, 763,225, 763,524
Polygon 750,524, 750,225, 738,225, 738,524
Polygon 726,524, 726,225, 717,225, 717,524
Stairs 797,225, 717,225, 797,524
Polygon 564,514, 564,228, 557,228, 557,514
Polygon 546,514, 546,228, 537,228, 537,514
Polygon 525,514, 525,228, 515,228, 515,514
Polygon 496,514, 496,228, 504,228, 504,514
Stairs 496,228, 564,228, 496,514
PenColor 000000
Dashed 797,225, 797,524
Dashed 717,225, 717,524
Spline 797,225, 757,253, 717,225
Spline 797,524, 757,498, 717,524
Dashed 564,228, 564,514
Dashed 496,228, 496,514
Spline 496,228, 530,252, 564,228
Spline 496,514, 530,489, 564,514
Line 798,228, 807,228, 807,148, 786,148, 786,142, 791,142, 791,137, 722,137, 722,142, 728,142, 728,149, 667,149, 667,157, 650,157, 650,149, 646,149, 646,124
Line 618,124, 618,148, 615,148, 615,157, 603,157, 603,160, 598,160, 598,125, 563,125
Line 501,125, 465,125, 465,230, 496,230
Line 565,230, 598,230, 598,195, 603,195, 603,198, 615,198, 615,202, 618,202, 618,211, 612,211, 612,257, 616,255, 617,260, 612,264, 612,273, 608,273, 608,304, 612,304, 612,311, 619,317, 617,322, 612,319, 603,334, 607,338, 601,348
Line 614,367, 628,356, 631,351, 636,354, 646,341, 642,339, 646,332, 650,335, 658,331, 660,334, 686,319, 685,315, 692,312, 692,305, 695,305, 695,274, 692,274, 692,265, 686,262, 692,250, 695,252, 708,234, 708,228, 717,228
Polygon 667,194, 682,209, 659,245, 652,241, 644,246, 641,240, 649,235, 649,211, 643,211, 643,202, 649,202, 649,194
Stairs 595,142, 595,214, 587,142
Polygon 594,166, 604,166, 604,173, 594,173
Polygon 594,180, 604,180, 604,187, 594,187
Line 587,142, 598,142
Line 587,214, 598,214
Spline 564,125, 554,110, 536,102, 516,108, 501,125
Polygon 596,382, 586,389, 568,365, 578,357
Line 594,401, 604,393
Line 560,355, 570,348
Spline 604,393, 613,383, 614,367
Spline 570,348, 585,341, 601,348
Stairs 578,357, 571,348, 568,365
Stairs 596,382, 604,393, 586,389
Dashed 601,348, 614,367
Dashed 628,356, 605,342
Polygon 530,20, 543,27, 527,53, 514,46
Spline 537,8, 549,16, 558,23, 557,42
Spline 506,58, 520,66, 532,68, 546,58
Spline 581,47, 621,73, 641,97, 646,125
Spline 565,74, 588,86, 612,104, 618,124
Line 557,42, 578,53, 581,47
Line 546,58, 568,70, 565,74
Stairs 605,62, 592,88, 594,54
BrushColor FFFFFF
Polygon 738,525, 748,525, 748,545, 738,545
Polygon 537,515, 546,515, 546,533, 537,533
Polygon 716,177, 716,193, 707,193, 707,177
Polygon 564,226, 574,226, 574,213, 564,213
PenColor 7F7F7F
Line 627,324, 627,324, 5
Line 636,330, 636,330, 5
Line 627,254, 627,254, 5
Line 635,249, 635,249, 5
Line 693,285, 693,285, 5
Line 693,294, 693,294, 5
Line 481,917, 481,917, 9
Line 579,917, 579,917, 9
Line 481,945, 481,945, 9
Line 579,945, 579,945, 9
Line 481,893, 481,893, 9
Line 579,893, 579,893, 9
Line 481,971, 481,971, 9
Line 579,971, 579,971, 9
Line 751,224, 751,206, 720,176, 610,176, 604,180, 551,180, 527,201, 527,229
Line 600,917, 564,917
Line 600,943, 564,944
Line 713,197, 707,197, 2
Line 713,201, 707,201, 2
Line 713,205, 707,205, 2
Line 713,209, 707,209, 2
Line 713,213, 707,213, 2
Line 713,216, 707,216, 2
Line 713,220, 707,220, 2
Line 713,224, 707,224, 2
Line 564,209, 570,209, 2
Line 564,205, 570,205, 2
Line 564,201, 570,201, 2
Line 564,197, 570,197, 2
Line 564,193, 570,193, 2
Line 564,189, 570,189, 2
Line 564,185, 570,185, 2
Line 564,181, 570,181, 2
PenColor FF0000
Arrow 631,158, 631,143

PenColor 009900
Arrow 598,364, 613,353
BrushColor -1
PenColor 650022
AngleTextOut 90, Arial, 30, 511, 1126, Технологический институт - I, 1
PenColor DC004B
AngleTextOut 90, Arial, 20, 418, 1330, << Балтийская
AngleTextOut 90, Arial, 20, 632, 670, Пушкинская >>
AngleTextOut 90, Arial, 30, 510, 1127, Технологический институт - I, 1
PenColor 002B46
AngleTextOut 90, Arial, 30, 728, 821, Технологический, 1
AngleTextOut 90, Arial, 30, 754, 778, институт - II, 1
PenColor 0071B9
AngleTextOut 90, Arial, 20, 618, 1332, << Фрунзенская
AngleTextOut 90, Arial, 20, 859, 642, Сенная плошадь >>
AngleTextOut 90, Arial, 30, 727, 822, Технологический, 1
AngleTextOut 90, Arial, 30, 753, 779, институт - II, 1
PenColor 00AFAF
AngleTextOut 59, Arial, 20, 435, 8, Загородный проспект
AngleTextOut 128, Arial, 20, 434, 288, Московский проспект
AngleTextOut 37, Arial, 18, 298, 563, 1-я Красноармейская улица
