Size 1180x1150
Angle 60

PenColor 000000
BrushColor 0071B9
Polygon 1302,806, 1302,820, 744,820, 744,806
Polygon 1302,688, 1302,674, 744,674, 744,688

Line 1302,688, 1302,706, 1232,706, 1232,789, 1302,789, 1302,806
Line 744,688, 744,701, 680,701
Line 744,806, 744,792, 680,792

Dashed 680,792, 680,701, 289,701, 289,792, 680,792
Spline 344,701, 365,747, 344,793
Line 110,817, 134,793, 213,872, 264,872, 393,743, 393,694, 313,613, 336,590
Line 284,537, 260,561, 195,496
Line 166,525, 200,559, 79,680, 46,647
Line 17,675, 82,740, 57,765

Line 289,747, 205,747, 159,701, 200,701
Dashed 200,701, 289,701
Line 155,814, 322,814

Railway 10, 14, 7, -43,587, 809,-164
Railway 10, 14, 7, -67,557, 790,-195

PenColor FF0000
Arrow 108,767, 95,780
Arrow 53,692, 40,679
PenColor 008000
Arrow 194,519, 207,532
Arrow 297,578, 284,591

BrushColor -1
PenColor 0071B9
AngleTextOut 0, Arial, 20, 766, 646, << Пионерская
AngleTextOut 0, Arial, 20, 1200, 820, Озерки >>
AngleTextOut 0, Arial, 25, 973, 732, Удельная, 1

PenColor 00AFAF
AngleTextOut -135, Arial, 15, 145, 519, Удельный проспект
AngleTextOut -45, Arial, 15, 335, 472, Елецкая улица
AngleTextOut -45, Arial, 15, 71, 725, Енотаевская улица
