Size 600x950
Angle -60

PenColor 000000
BrushColor EA7B16
Polygon -174,395, -174,381, 384,381, 384,395
Polygon -174,513, -174,527, 384,527, 384,513

Line -174,395, -174,420, -125,420, -125,441, -95,441, -95,467, -125,467, -125,488, -174,488, -174,513

Line 384,513, 384,502, 359,502, 359,491, 434,491
Line 384,395, 384,407, 359,407, 359,417, 434,417

Dashed 434,491, 434,417, 634,417, 634,491, 434,491

Spline 623,417, 638,406, 661,401, 685,407, 703,424, 712,446
Line 712,446, 719,446, 719,429, 715,429, 715,395, 728,395, 728,405, 742,405, 742,503, 746,507
Line 719,530, 715,526, 705,534, 701,531, 683,549, 678,549, 673,544, 614,544
Line 614,516, 649,516, 649,500
Line 709,470, 719,470, 719,483, 686,516, 673,516
Spline 709,470, 701,485, 687,497, 673,503
Spline 649,504, 635,499, 624,491

Line 673,544, 673,482, 634,454
Line 673,428, 634,417
Dashed 673,428, 673,482

PenColor FF0000
Arrow 637,533, 622,533
PenColor 008000
Arrow 737,524, 727,514

BrushColor -1
PenColor EA7B16
AngleTextOut 0, Arial, 20, -167, 355, << пр.Большевиков
AngleTextOut 0, Arial, 20, 267, 527, тупик >>
AngleTextOut 0, Arial, 25, 58, 435, ул.Дыбенко, 1

PenColor 00AFAF
AngleTextOut 0, Arial, 15, 561, 594, проспект Большевиков
AngleTextOut 90, Arial, 15, 789, 533, улица Дыбенко
