Size 950x750
Angle 30
PenColor 000000
BrushColor 00873A
Polygon -42,358, -42,344, 516,344, 516,358
Polygon -42,476, -42,490, 516,490, 516,476

Line 586,382, 518,382, 518,373, -44,373, -44,459, 518,459, 518,451, 586,451

Dashed 586,451, 586,382, 789,382, 788,451, 586,451
Spline 747,451, 721,416, 747,382

Spline 777,382, 789,366, 804,354
Spline 829,344, 860,345, 887,358
Spline 896,394, 899,421, 891,446, 873,463
Spline 881,476, 859,485, 832,486, 801,475, 779,451
Line 804,354, 796,342, 784,341, 765,305, 728,305, 728,288, 700,288, 700,243
Line 728,288, 791,288
Line 881,476, 873,463
Line 814,288, 943,288, 943,325
Line 943,355, 943,413, 934,413, 927,371, 915,371, 907,381, 910,390, 896,394
Line 943,318, 895,334, 896,348, 887,358
Line 829,344, 823,333, 828,322, 828,288
Line 895,334, 828,322
Line 943,412, 966,412, 966,265, 700,265
Line 700,258, 973,258, 973,419, 943,419
Line 943,426, 980,426, 980,251, 700,251
Line 943,413, 943,434

Line 860,345, 832,406, 789,417
Dashed 832,406, 832,457
Line 832,457, 832,486

PenColor FF0000
Arrow 802,317, 802,298
PenColor 008000
Arrow 939,346, 919,346

BrushColor -1
PenColor 00873A
AngleTextOut 0, Arial, 20, -35, 324, << Приморская
AngleTextOut 0, Arial, 20, 356, 490, Гостиный двор >>
AngleTextOut 0, Arial, 25, 157, 400, Василеостровская, 1

PenColor 00AFAF
AngleTextOut 0, Arial, 15, 675, 178, Средний проспект
