Size 1130x1170
Angle -10

PenColor 000000
BrushColor DC004B
Polygon 772,1119, 786,1127, 1099,585, 1085,577
Polygon 884,577, 898,585, 948,498, 934,490
Polygon 621,1032, 635,1040, 879,618, 865,610

BrushColor -1
PenColor 000000
AngleTextOut 60, Arial, 24, 915, 684, Владимирская, 1
PenColor FF0000
AngleTextOut 60, Arial, 24, 916, 683, Владимирская, 1

AngleTextOut 60, Arial, 14, 1029, 671, Пл.Восстания >>
AngleTextOut 60, Arial, 14, 623, 1025, << Пушкинская
PenColor FFFF00
AngleTextOut 60, Arial, 14, 1030, 671, Пл.Восстания >>
AngleTextOut 60, Arial, 14, 624, 1024, << Пушкинская

PenColor 00AFAF
AngleTextOut -75, Arial, 15, 530, 150, Владимирская пл.

PenColor 000000
BrushColor 808080
Polygon 772,1119, 753,1108, 976,721, 963,713, 961,716, 892,676, 893,673, 879,665, 656,1052, 635,1040
Polygon 981,712, 987,702, 974,694, 968,704
Polygon 992,693, 998,683, 985,675, 979,685
Polygon 1003,674, 1009,664, 996,656, 990,666
Polygon 1014,655, 1020,645, 1007,637, 1001,647
Polygon 1025,636, 1031,626, 1018,618, 1012,628
Polygon 1036,617, 1042,607, 1029,599, 1023,609
Polygon 898,664, 904,654, 890,646, 884,656
Polygon 909,645, 914,638, 900,630, 895,637
Polygon 932,605, 937,597, 923,589, 918,597
Polygon 942,588, 948,578, 934,570, 928,580
Polygon 953,569, 959,559, 945,551, 939,561

Line 1085,577, 1066,566, 1048,596, 1035,588, 1054,555, 1058,558, 1095,493, 1026,453, 1024,457, 947,413, 924,355
Line 949,498, 967,509, 950,538, 966,547, 985,515, 901,466
Dashed 901,466, 891,459, 860,415, 851,390
Line 851,390, 846,374, 924,355
Stairs 1047,568, 976,527, 1053,556
Stairs 980,512, 1015,452, 952,496
Spline 846,374, 873,330, 924,355
Dashed 846,374, 801,245
Dashed 924,355, 894,220

Stairs 914,638, 922,624, 867,611
Stairs 925,618, 932,605, 878,591
Arrow 949,623, 933,614
Arrow 922,633, 938,642
Line 932,605, 885,578, 861,530, 855,523, 867,497, 866,485, 898,485, 898,391, 784,391
Polygon 925,618, 878,591, 848,542, 852,570, 865,591, 922,624
Line 914,638, 851,602, 836,581, 826,549, 830,537, 803,521, 795,485, 784,485
Polygon 849,485, 850,497, 843,511, 839,485, 849,485
Polygon 825,485, 830,518, 818,511, 813,485, 825,485
Spline 784,485, 735,438, 784,391

Dashed 852,148, 824,156
Dashed 808,223, 820,157
Line 881,140, 854,147
Line 894,220, 801,245, 798,236, 809,233, 807,226, 795,219, 732,236, 734,244, 613,277, 593,261, 582,220, 592,200, 713,168, 715,176, 778,159, 774,144, 780,141, 786,130, 854,112, 868,120, 870,127, 878,125, 896,193, 888,195, 881,207, 883,215, 892,213, 894,220
Line 780,141, 822,157, 838,210, 839,234
Polygon 725,213, 751,206, 748,195, 722,202
Polygon 765,171, 780,167, 783,178, 768,182
Polygon 770,189, 785,185, 788,196, 773,200
Polygon 775,208, 790,204, 793,215, 778,219
Spline 894,220, 861,278, 801,245

Dashed 784,391, 784,485, 576,485, 576,391, 784,391


BrushColor EA7B16
Polygon 1,491, 1,505, 559,505, 559,491
Polygon 72,373, 72,359, 559,359, 559,373
Polygon 1,373, 1,359, 17,359, 17,373
Polygon 31,373, 31,359, 38,359, 38,373
Polygon 52,373, 52,359, 59,359, 59,373

Line 559,491, 559,485, 576,485
Line 559,373, 559,391, 576,391

Line 1,491, 1,470, 13,470, 13,395, 1,395, 1,373
Line 13,470, 106,470
Line 106,395, 72,395
Line 59,395, 52,395
Line 38,395, 31,395

Stairs 77,395, 77,470, 106,395

Line 31,373, 31,405, 17,405, 17,320, 21,311, 28,303, 112,247, 108,242, 119,234
Line 38,373, 38,405, 52,405, 52,373
Line 59,373, 59,405, 72,405, 72,334, 79,323, 137,284, 140,289, 151,282

Dashed 119,234, 151,282, 290,189, 258,141, 119,234

Line 334,87, 326,75, 285,67, 175,141, 264,273, 399,182, 369,137
Line 355,118, 348,107
Line 321,234, 290,189, 327,164
Line 295,116, 258,141, 232,103
Line 311,140, 274,165
Dashed 295,116, 311,140, 327,164

BrushColor -1
PenColor EA7B16
AngleTextOut 0, Arial, 20, 127, 336, << Спасская
AngleTextOut 0, Arial, 20, 431, 511, Лиговский пр. >>
AngleTextOut 0, Arial, 25, 254, 421, Достоевская, 1

PenColor 00FF00
Arrow 571,207, 601,220
Arrow 802,192, 822,208
Arrow 865,361, 870,381
Arrow 313,121, 294,134
PenColor FF0000
Arrow 821,131, 814,106
Arrow 844,162, 838,140
Arrow 903,373, 898,353
Arrow 310,157, 327,146

PenColor 00AFAF
AngleTextOut 0, Arial, 15, 715, 36, Кузнечный переулок
AngleTextOut 100, Arial, 15, 468, 182, Владимирский проспект
AngleTextOut 50, Arial, 15, 182, 720, Загородный проспект
AngleTextOut 100, Arial, 15, 552, 769, Большая Московская улица
