Size 670x630
Angle 110
PenColor 000000
BrushColor 6C0D75
Polygon 11,418, 11,404, 129,404, 129,418
Polygon 197,418, 197,404, 572,404, 572,418
Polygon 11,528, 11,542, 572,542, 572,528

Line 11,418, 11,439, 120,439, 120,507, 11,507, 11,528
Line 572,528, 572,507, 467,507, 467,439, 572,439, 572,418

Line 129,449, 129,343
Line 197,449, 197,343
Stairs 129,449, 197,449, 129,394

Dashed 129,343, 197,343, 197,141, 129,141, 129,343


Line 217,66, 229,75, 203,154, 123,154, 97,75, 164,26, 173,33
Line 187,43, 203,55
Line 179,88, 158,76, 164,95, 164,141


PenColor FF0000
Arrow 200,73, 219,48
Dashed 214,110, 179,88
PenColor 008000
Arrow 188,27, 170,51
Dashed 158,76, 108,113

BrushColor -1
PenColor 6C0D75
AngleTextOut 180, Arial, 20, 84, 407, тупик >>
AngleTextOut 180, Arial, 20, 568, 566, << Звенигородская
AngleTextOut 180, Arial, 25, 379, 490, Волковская, 1

PenColor 00AFAF
AngleTextOut 180, Arial, 15, 350, -5, улица Касимовская
