Size 680x1020
;Image D:\Boris\NEW\vyb.GIF, 47, -305
Angle -80

PenColor 000000
BrushColor DC004B
Polygon 273,557, 273,543, 746,543, 746,557
Polygon 274,636, 274,650, 746,650, 746,636

BrushColor 808080
Polygon -72,513, -72,391, -67,391, -67,513
Polygon -71,323, -67,323, -67,202, -71,202

Line 699,557, 699,574, 669,574, 669,617, 699,617, 699,636
Line 289,557, 289,566, 299,566, 299,571, 289,571, 289,577, 272,577
Line 289,636, 289,622, 297,622, 297,616, 289,616, 289,610, 272,610, 272,634
Spline 272,577, 255,572, 238,578
Spline 272,634, 266,649, 250,659
Line 238,578, 238,629, 209,642, 210,644, 200,649, 199,647, 191,651, 189,647, 180,651
Line 250,659, 224,671, 222,667, 211,672, 212,674, 203,678, 205,682, 196,686

Stairs 272,610, 272,577, 289,610
Stairs 272,610, 238,610, 272,623

Dashed 180,651, 196,686, 131,717, 114,682, 180,651
Spline 132,673, 148,676, 155,684, 157,695, 149,709
Line 114,682, 114,666
Line 122,700, 83,718, 83,666
Line 131,717, 101,745
Dashed 88,716, 101,745

Line 108,658, 108,666, 162,666, 162,757, 169,757
Line 169,776, 25,776
Line 26,756, 34,756, 34,623, -7,623
Line -7,607, 34,607, 34,543, -143,543
Line -143,528, -95,528, -95,391
Line -95,323, -95,141, 4,141
Line 4,194, -42,194, -42,323
Line -42,391, -42,517, 34,517, 34,498, 97,498
Line 97,516, 56,516, 56,544, 97,544
Line 97,554, 56,554, 56,568, 97,568
Line 97,578, 56,578, 56,607, 97,607
Line 97,623, 56,623, 56,659, 53,659, 53,711
Line 54,666, 90,666, 90,658

Stairs 97,498, 97,516, 82,498
Stairs 74,498, 74,516, 60,498
Stairs 97,544, 97,554, 82,544
Stairs 74,544, 74,554, 60,544
Stairs 97,568, 97,578, 82,568
Stairs 74,568, 74,578, 60,568
Stairs 97,607, 97,623, 82,607
Stairs 74,607, 74,623, 60,607
Stairs 29,607, 29,623, 17,607
Stairs -7,607, -7,623, 8,607
Stairs 34,671, 53,671, 34,689
Stairs 53,711, 34,711, 53,697
Stairs -143,543, -143,528, -129,543
Stairs -113,528, -113,543, -99,528
Stairs 4,194, 4,141, -9,194
Stairs -19,194, -19,141, -32,194

PenColor C0C0C0
Line -95,323, -95,391
Line -42,368, -42,391
Line -42,323, -42,346
Line -42,346, -42,352, -1,352
Line -1,362, -42,362, -42,368
Stairs -1,362, -1,352, -15,362
Stairs -24,362, -24,352, -38,362

PenColor 000000
Railway 10, 14, 7, -116,372, 742,372
Railway 10, 14, 7, -116,332, 742,332


PenColor FF0000
Arrow 99,668, 99,656
Line 2,352, 5,362
Line 5,352, 2,362
Line -39,352, -42,362
Line -42,352, -39,362
PenColor 008000
Arrow 25,765, 35,765
Arrow 44,655, 44,667
Arrow 170,766, 159,766

BrushColor -1
PenColor DC004B
AngleTextOut 0, Arial, 20, 276, 520, << Лесная
AngleTextOut 0, Arial, 20, 569, 650, Площадь Ленина >>
AngleTextOut 0, Arial, 25, 430, 583, Выборгская, 1

PenColor 00AFAF
AngleTextOut 0, Arial, 15, -119, 565, Лесной проспект
AngleTextOut 0, Arial, 12, 110, 553, трамваи
AngleTextOut 90, Arial, 15, -44, 754, улица Смолячкова
AngleTextOut 90, Arial, 15, 804, 699, Гренадерская улица
AngleTextOut 0, Arial, 15, -97, 110, Чугунная улица

