Size 1040x950
Angle -45

PenColor 000000
BrushColor 0071B9
Polygon 556,380, 556,366, 1114,366, 1114,380
Polygon 556,498, 556,512, 1114,512, 1114,498

Line 480,406, 556,406, 556,389, 1114,389, 1114,489, 556,489, 556,470, 480,470

Dashed 480,406, 480,470, 240,470, 240,406, 480,406

Spline 254,406, 234,382, 205,370, 174,372, 146,389
Line 146,389, 118,389, 118,376, 73,376, 73,395, 60,395
Line 73,418, 60,418, 60,546, 73,546
Line 73,568, 60,568, 60,584, 116,584, 135,570, 273,570, 273,520, 181,520, 181,502
Spline 181,502, 209,501, 232,491, 252,470
Line 146,483, 146,520, 118,520, 118,425, 128,425
Spline 128,425, 128,446, 134,466, 146,483

Line 240,438, 153,458
Dashed 153,458, 202,502

PenColor FF0000
Arrow 78,406, 58,406
PenColor 008000
Arrow 58,558, 78,558

BrushColor -1
PenColor 0071B9
AngleTextOut 0, Arial, 20, 564, 342, << Московская
AngleTextOut 0, Arial, 20, 1015, 512, Купчино >>
AngleTextOut 0, Arial, 25, 773, 427, Звездная, 1

PenColor 00AFAF
AngleTextOut 50, Arial, 15, -126, 470, Звездная улица
AngleTextOut 0, Arial, 15, -1, 654, улица Ленсовета
