size 1702x1650
;Image Paris.gif
PenColor 0404A4
TextOut Arial,100,100,10, PARIS,1
;PenColor 5151FB
;BrushColor 87CEFF
;Polygon 63,367, 85,355, 112,344, 138,337, 171,329, 202,325, 232,323, 262,321, 295,320, 331,321, 363,322, 387,324, 413,327, 437,331, 459,335, 478,340, 497,347, 515,355, 533,366,
PenColor CCECF4
;PenColor 12B5EE
;PenColor FFFFFF
Line 1585,1697, 1059,1050, 674,925, 509,924, 437,985, 294,1424, 281,1439, 147,1440, 128,1432, 94,1392, 87,1372, 85,1121, 87,1098, 276,516, 284,501, 295,490, 731,137, 745,119, 752,104, 752,91, 747,76, 731,62, 638,5, 25
Line 1694,1381, 1330,1382, 25
Line 1116,1121, 899,1049, 843,984, 25
Line 1024,1088, 974,1025, 25

;size 1702x1702
;Image Paris.gif
;PenColor 0404A4
;TextOut Arial,100,100,10, PARIS,1
;PenColor 5151FB
;BrushColor 87CEFF
;;Polygon 63,367, 85,355, 112,344, 138,337, 171,329, 202,325, 232,323, 262,321, 295,320, 331,321, 363,322, 387,324, 413,327, 437,331, 459,335, 478,340, 497,347, 515,355, 533,366,


;PenColor 12B5EE
;PenColor FFFFFF
;Line 1585,1697, 1059,1050, 674,925, 509,924, 437,985, 294,1424, 281,1439, 147,1440, 128,1432, 94,1392, 87,1372, 85,1121, 87,1098, 276,516, 284,501, 295,490, 731,137, 745,119, 752,104, 752,91, 747,76, 731,62, 638,5, 25
;Line 1694,1381, 1330,1382, 25
;Line 1116,1121, 899,1049, 843,984, 25
;Line 1024,1088, 974,1025, 25
